Width: 3
Height: 4
16.023197285242745 -30.959858326062378 -4.913388828778356 
12.243156118035564 8.26055348359262 -10.917163816271856 
9.152114182705446 -13.513498047935116 7.603918025504543 
-28.20615322461961 24.523507109091728 16.24710884060767 

Next Matrix:
Width: 5
Height: 1
25.473279731965448 -4.111207165814419 -24.21399790079165 -3.494217595641933 14.991533168731474 

Next Network:

Width: 3
Height: 4
15.164220492321068 -30.816639790737412 -5.22270622624654 
12.64567781075243 8.404008606458488 -11.474103194240689 
10.104373367312519 -13.694445513148459 8.534307575131034 
-30.338551422887214 24.94230971126164 15.696127364928508 

Next Matrix:
Width: 5
Height: 1
25.135313336127588 -3.9653096553517404 -23.003992309461427 -3.494217595641933 14.991533168731474 

Next Network:

Width: 3
Height: 4
17.936600256955536 -33.66033862950886 -9.4507494826611 
15.503479722217875 7.775852044876557 -9.717563848000154 
8.226884728391333 -12.818745888954945 7.911510686842585 
-29.43010153037053 24.549407902261912 15.683231997546171 

Next Matrix:
Width: 5
Height: 1
26.031055789765436 -2.800581836183698 -23.652757759187196 -1.4567582838586417 16.209871710252646 

Next Network:

Width: 3
Height: 4
16.786139096341586 -29.82108966298322 -4.795392118938449 
11.599227820986174 8.337212564869878 -12.35596354177571 
10.104373367312519 -13.867432707347898 9.22892644176361 
-30.205925682127162 24.769445469995443 15.555690125526102 

Next Matrix:
Width: 5
Height: 1
26.610886926740648 -3.817283644946075 -24.457746792145684 -2.734677600056731 15.405722658915812 

Next Network:

Width: 3
Height: 4
17.877172426914925 -33.66033862950886 -8.746843469219224 
16.081446581893193 7.775852044876557 -10.570680545199593 
8.226884728391333 -12.82057780852071 7.911510686842585 
-30.041678881487 24.549407902261912 15.683231997546171 

Next Matrix:
Width: 5
Height: 1
26.845324513984956 -2.800581836183698 -23.652757759187196 -1.4567582838586417 16.209871710252646 

Next Network:

Width: 3
Height: 4
16.423954463600385 -29.770081877348346 -4.72064801459493 
10.911482850756412 9.732052641917244 -11.852851396538032 
11.276573659831413 -13.775228868277333 9.323212559169715 
-29.87038147806446 25.609999412075236 14.990380158285312 

Next Matrix:
Width: 5
Height: 1
26.353547477773265 -4.264505619698742 -23.58795948847452 -4.499529001264067 14.419810834399946 

Next Network:

Width: 3
Height: 4
15.885484681538532 -30.681908213604117 -5.743757473216536 
11.234419301279106 9.90309808581329 -10.917163816271856 
11.366615945202653 -13.528475246553256 7.799626079980971 
-28.790220067287965 24.897679533715504 16.29051626552767 

Next Matrix:
Width: 5
Height: 1
26.353547477773265 -2.5032302743090624 -23.11357845095948 -2.7116816704108553 15.594530429480184 

Next Network:

Width: 3
Height: 4
17.936600256955536 -33.66033862950886 -9.4507494826611 
15.503479722217875 7.775852044876557 -9.717563848000154 
8.226884728391333 -12.818745888954945 7.911510686842585 
-29.43010153037053 24.549407902261912 15.683231997546171 

Next Matrix:
Width: 5
Height: 1
26.031055789765436 -2.800581836183698 -23.652757759187196 -1.4567582838586417 16.209871710252646 

Next Network:

Width: 3
Height: 4
15.03624773580689 -30.461818726192234 -4.908568831687126 
11.127934845570342 8.699592502635054 -10.342618986653424 
12.056405135641807 -14.30370359165917 6.698095100318314 
-29.001605241428376 24.94230971126164 15.696127364928508 

Next Matrix:
Width: 5
Height: 1
27.01966839196294 -3.2555945362757033 -23.02458541350265 -4.3568478675071765 13.95229071456667 

Next Network:

Width: 3
Height: 4
18.669169464171283 -34.42551772094998 -9.548162578139578 
16.139555143703596 8.369046841564145 -10.570680545199593 
7.581009871972558 -12.82057780852071 8.543955198026381 
-29.415093199519717 25.110617511649806 15.683231997546171 

Next Matrix:
Width: 5
Height: 1
26.845324513984956 -2.800581836183698 -23.652757759187196 -1.928213620271675 16.209871710252646 

Next Network:

Width: 3
Height: 4
16.662381068089964 -31.60923905472011 -4.863503512077618 
12.593510762042516 8.916149049274424 -10.84835374128328 
9.744226530432929 -13.775228868277333 6.115570189496667 
-28.889910024279217 23.378558756628273 15.516353447005564 

Next Matrix:
Width: 5
Height: 1
26.353547477773265 -3.0551752783628796 -23.805933740405795 -3.995067644174121 14.991533168731474 

Next Network:

Width: 3
Height: 4
16.233808196610212 -31.536324120170683 -5.410608446330343 
12.018076310080152 8.947976778402174 -9.94297912853634 
11.411759240039991 -12.59034747528555 7.124208667188494 
-29.247116863698256 25.99465388580589 16.605117739553474 

Next Matrix:
Width: 5
Height: 1
26.082647180947422 -4.0844567073243 -27.446410946146415 -5.183715234500689 16.527067294802542 

Next Network:

Width: 3
Height: 4
16.6517965302148 -28.813567142526555 -4.846556080969521 
12.313296067069425 9.908370728494853 -11.018741947214693 
11.058572509175312 -13.731705470656754 9.31972963727705 
-27.9854244120056 24.94230971126164 15.38926588567005 

Next Matrix:
Width: 5
Height: 1
25.574541928607402 -4.683491150246333 -23.74181651586295 -3.9467223272667815 15.338812620268818 

Next Network:

Width: 3
Height: 4
16.36104264227849 -31.60923905472011 -4.110513268193003 
12.243156118035564 10.11437998688431 -11.253124697126289 
9.663023213461305 -14.456517284285793 6.9243638285834965 
-28.93416902545483 24.211179493805403 16.209629181095778 

Next Matrix:
Width: 5
Height: 1
26.62498997575572 -2.8567922270113195 -23.805933740405795 -3.995067644174121 16.068291175567094 

Next Network:

Width: 3
Height: 4
16.023197285242745 -29.82108966298322 -5.288669512031152 
11.599227820986174 9.283391548438715 -12.35596354177571 
10.104373367312519 -13.65744525419201 8.678018042317184 
-30.013162498678245 24.98090593295483 15.555690125526102 

Next Matrix:
Width: 5
Height: 1
26.610886926740648 -3.817283644946075 -24.457746792145684 -2.734677600056731 14.628286078166644 

Next Network:

Width: 3
Height: 4
17.717536067574557 -32.83883769724205 -7.178804498529372 
11.878607668975436 9.194798147832849 -12.830171684433743 
9.693562800976741 -12.43412747604369 8.59513481586418 
-31.397557539703932 26.192660338669004 15.614535814924006 

Next Matrix:
Width: 5
Height: 1
26.374858329276474 -3.3910964621388056 -22.33924430123972 -4.239120339275017 15.967546556927639 

Next Network:

Width: 3
Height: 4
18.22150277409081 -34.245346324826855 -8.53625014772276 
16.347525425747182 7.6430679181200425 -10.570680545199593 
7.581009871972558 -12.82057780852071 8.567528004477026 
-29.415093199519717 24.727493772753174 15.683231997546171 

Next Matrix:
Width: 5
Height: 1
27.519598672964413 -2.3890849801206064 -23.652757759187196 -1.4567582838586417 16.209871710252646 

Next Network:

Width: 3
Height: 4
16.6517965302148 -29.770081877348346 -5.295163192862233 
12.313296067069425 9.732052641917244 -11.580334725856384 
10.976832980838342 -13.775228868277333 9.323212559169715 
-29.49195960648799 24.94230971126164 14.990380158285312 

Next Matrix:
Width: 5
Height: 1
26.353547477773265 -4.683491150246333 -23.891718726842686 -4.170695066711742 14.991533168731474 

Next Network:

Width: 3
Height: 4
16.430356102543172 -29.770081877348346 -5.882248259117781 
13.109085283542688 9.732052641917244 -11.580334725856384 
10.976832980838342 -13.775228868277333 9.146804353961945 
-29.49195960648799 24.94230971126164 14.990380158285312 

Next Matrix:
Width: 5
Height: 1
26.353547477773265 -4.683491150246333 -23.891718726842686 -4.170695066711742 14.231308206042787 

Next Network:

Width: 3
Height: 4
15.934215642287484 -31.68942644690625 -4.109306720172572 
12.078380021322426 11.09741116892379 -11.655350143429178 
9.572205834880117 -13.667352705308677 9.497059684417192 
-30.83745485574519 25.36131283426762 15.769207700229178 

Next Matrix:
Width: 5
Height: 1
26.023733555398465 -3.445160235474913 -23.42118385766416 -3.5434910046435686 16.93358068465291 

Next Network:

Width: 3
Height: 4
16.233808196610212 -31.536324120170683 -5.410608446330343 
12.018076310080152 8.947976778402174 -9.94297912853634 
10.554745515413467 -13.1638857990354 6.899071104992177 
-28.422952270723822 25.99465388580589 15.678589331502144 

Next Matrix:
Width: 5
Height: 1
26.082647180947422 -3.386462273484322 -27.446410946146415 -5.183715234500689 15.76126497564674 

Next Network:

Width: 3
Height: 4
15.735221479492251 -31.42480881040534 -5.842990570254046 
12.145541925106198 8.5909299932156 -10.154704016823306 
10.735321448910707 -14.34495293888091 7.082440988182949 
-29.126381841747577 24.88083154532425 15.696127364928508 

Next Matrix:
Width: 5
Height: 1
25.793369253635614 -3.889344323234008 -22.868048271678358 -3.494217595641933 14.397545958979423 

Next Network:

Width: 3
Height: 4
16.023197285242745 -30.959858326062378 -4.913388828778356 
12.243156118035564 8.26055348359262 -10.917163816271856 
9.152114182705446 -13.513498047935116 7.603918025504543 
-28.20615322461961 24.523507109091728 16.24710884060767 

Next Matrix:
Width: 5
Height: 1
25.473279731965448 -4.111207165814419 -24.21399790079165 -3.494217595641933 14.991533168731474 

Next Network:

Width: 3
Height: 4
17.102793351517438 -34.29589737211329 -7.2247142874609285 
13.048987362967441 8.983706833853185 -11.603346010740296 
9.10830650253211 -14.9221459685273 6.466825841578133 
-30.107001447121608 25.60003058807784 14.901512672412393 

Next Matrix:
Width: 5
Height: 1
25.540442971469833 -0.3563574540496497 -26.595258277516983 -5.423321563820852 17.06726488844391 

Next Network:

Width: 3
Height: 4
15.885484681538532 -30.681908213604117 -5.114435153018317 
11.234419301279106 9.425458545754354 -11.383956828568767 
10.8963625885454 -13.528475246553256 7.799626079980971 
-28.790220067287965 24.77872514604237 17.01145212748304 

Next Matrix:
Width: 5
Height: 1
26.353547477773265 -2.5032302743090624 -23.11357845095948 -2.5354818868598654 16.440196118159133 

Next Network:

Width: 3
Height: 4
17.877172426914925 -33.66033862950886 -8.746843469219224 
16.081446581893193 7.775852044876557 -10.570680545199593 
8.226884728391333 -12.82057780852071 7.911510686842585 
-30.041678881487 24.549407902261912 15.683231997546171 

Next Matrix:
Width: 5
Height: 1
26.845324513984956 -2.800581836183698 -23.652757759187196 -1.4567582838586417 16.209871710252646 

Next Network:

Width: 3
Height: 4
17.41074594487584 -31.700500347049974 -6.075004866065339 
10.74188069950343 9.370440822246298 -10.323358816843609 
10.482260024514389 -11.778105370710248 9.19563115367294 
-29.57356661547731 25.06237794747967 15.799223932791936 

Next Matrix:
Width: 5
Height: 1
26.299951135066042 -3.717498151051025 -26.373496064215374 -4.916282639082647 16.06161618246361 

Next Network:

Width: 3
Height: 4
16.6517965302148 -28.813567142526555 -4.372957149508637 
12.313296067069425 9.908370728494853 -11.018741947214693 
11.920237248707016 -13.731705470656754 9.661969030279959 
-27.9854244120056 24.94230971126164 15.38926588567005 

Next Matrix:
Width: 5
Height: 1
25.574541928607402 -4.683491150246333 -23.74181651586295 -4.789897897767471 15.338812620268818 

Next Network:

Width: 3
Height: 4
17.877172426914925 -33.66033862950886 -8.746843469219224 
16.081446581893193 7.775852044876557 -10.570680545199593 
8.226884728391333 -12.82057780852071 7.911510686842585 
-30.041678881487 24.549407902261912 15.683231997546171 

Next Matrix:
Width: 5
Height: 1
26.845324513984956 -2.800581836183698 -23.652757759187196 -1.4567582838586417 16.209871710252646 

Next Network:

Width: 3
Height: 4
17.376878157679798 -30.812429868103656 -8.0147783177742 
11.199889360335158 7.535433491639387 -11.930170281467348 
9.578132403820344 -14.667541687130175 7.781451541916596 
-30.935505024324563 25.92139820670607 17.045243874074032 

Next Matrix:
Width: 5
Height: 1
26.00397333974394 -4.006653969232861 -24.89197586548272 -3.851702450837234 18.785993447799672 

Next Network:

Width: 3
Height: 4
17.717536067574557 -32.83883769724205 -7.932829885483152 
10.916536115060671 9.885737484139403 -12.830171684433743 
9.693562800976741 -12.43412747604369 9.553383022040885 
-30.45816876566116 27.116693608152477 15.614535814924006 

Next Matrix:
Width: 5
Height: 1
26.374858329276474 -3.3910964621388056 -23.47325806666431 -3.7219013869064383 15.406612246488539 

Next Network:

Width: 3
Height: 4
16.618598542925483 -30.777927863172494 -6.991745001756347 
10.20549523780016 9.935308618834359 -10.323358816843609 
10.560108773393948 -13.036752805219214 9.768090698305771 
-29.658572243275742 25.898885112723576 17.02253894180214 

Next Matrix:
Width: 5
Height: 1
25.050249598406573 -3.411609541563899 -23.55567088135507 -2.899874298099273 16.313507035432504 

Next Network:

Width: 3
Height: 4
16.36104264227849 -31.60923905472011 -4.110513268193003 
12.243156118035564 10.11437998688431 -11.253124697126289 
9.663023213461305 -14.456517284285793 6.9243638285834965 
-28.93416902545483 24.211179493805403 16.209629181095778 

Next Matrix:
Width: 5
Height: 1
26.62498997575572 -2.8567922270113195 -23.805933740405795 -3.995067644174121 16.068291175567094 

Next Network:

Width: 3
Height: 4
15.969445357838445 -31.21257363394341 -5.22270622624654 
12.068543249220046 9.663022439960503 -10.154704016823306 
10.279875559724148 -14.34495293888091 7.082440988182949 
-30.402125598139527 24.94230971126164 15.696127364928508 

Next Matrix:
Width: 5
Height: 1
26.353547477773265 -3.889344323234008 -23.846496014312574 -3.0268375392360976 14.397545958979423 

Next Network:

Width: 3
Height: 4
18.22150277409081 -34.245346324826855 -8.53625014772276 
16.347525425747182 7.6430679181200425 -10.570680545199593 
7.581009871972558 -12.82057780852071 8.567528004477026 
-29.415093199519717 24.727493772753174 15.683231997546171 

Next Matrix:
Width: 5
Height: 1
27.519598672964413 -2.3890849801206064 -23.652757759187196 -1.4567582838586417 16.209871710252646 

Next Network:

Width: 3
Height: 4
17.512949878046786 -30.844981619781382 -6.076705234585784 
11.65281184798098 8.400428503084433 -10.323358816843609 
10.482260024514389 -12.594192426226558 8.389137242868134 
-29.48850411044734 25.06237794747967 15.344977885000723 

Next Matrix:
Width: 5
Height: 1
26.353547477773265 -3.9924195168543815 -25.27567450129879 -4.660652386601786 16.666896981906902 

Next Network:

Width: 3
Height: 4
17.512949878046786 -31.348738070611716 -6.076705234585784 
11.300821091867913 8.400428503084433 -10.323358816843609 
10.482260024514389 -12.594192426226558 8.020987888703585 
-29.48850411044734 25.458239751679457 15.506739750398378 

Next Matrix:
Width: 5
Height: 1
26.353547477773265 -4.779273272960496 -25.27567450129879 -4.660652386601786 16.992796460565337 

Next Network:

Width: 3
Height: 4
16.023197285242745 -30.816639790737412 -5.22270622624654 
12.375701558764044 8.888464955657556 -11.474103194240689 
10.104373367312519 -13.694445513148459 8.673161066409929 
-29.49195960648799 24.94230971126164 15.696127364928508 

Next Matrix:
Width: 5
Height: 1
25.909387502843632 -3.9653096553517404 -23.846496014312574 -3.494217595641933 14.991533168731474 

Next Network:

Width: 3
Height: 4
16.662381068089964 -31.60923905472011 -5.22270622624654 
12.243156118035564 9.283391548438715 -10.84835374128328 
9.949384334803653 -13.775228868277333 6.115570189496667 
-28.889910024279217 23.378558756628273 15.516353447005564 

Next Matrix:
Width: 5
Height: 1
26.353547477773265 -3.0551752783628796 -23.805933740405795 -3.995067644174121 14.991533168731474 

Next Network:

Width: 3
Height: 4
20.093925551780504 -34.15633721354247 -6.395107938621808 
10.891352954081912 8.523591280389862 -12.54494304004157 
8.9412035610693 -11.24869277060569 7.3989170240818565 
-31.2619078372683 26.549682913979805 12.968918512778362 

Next Matrix:
Width: 5
Height: 1
26.25314947672646 -5.359567461817763 -28.700129469623235 -4.536838155862466 13.156132176207855 

Next Network:

Width: 3
Height: 4
15.735958309499466 -30.73035296328682 -5.029919515021654 
12.243156118035564 9.387921678339668 -11.044208039570085 
10.022264479014389 -13.437744127507214 7.277310199941971 
-29.57356661547731 25.06237794747967 15.414924551166795 

Next Matrix:
Width: 5
Height: 1
25.539713484311736 -2.5875917665327846 -24.51907829130873 -2.4171579613609593 15.001528102850962 

Next Network:

Width: 3
Height: 4
17.512949878046786 -30.844981619781382 -6.076705234585784 
11.65281184798098 8.400428503084433 -10.323358816843609 
10.482260024514389 -12.594192426226558 8.389137242868134 
-29.48850411044734 25.06237794747967 15.344977885000723 

Next Matrix:
Width: 5
Height: 1
26.353547477773265 -3.9924195168543815 -25.27567450129879 -4.660652386601786 16.666896981906902 

Next Network:

Width: 3
Height: 4
15.46404490834694 -30.918382362213695 -4.621633992861103 
12.191164696353294 10.100228385451784 -11.655350143429178 
9.838340954872075 -13.595022067504232 9.014101961084926 
-29.925208248037954 24.254435134474875 14.86101527691758 

Next Matrix:
Width: 5
Height: 1
26.81600534699994 -4.7043364974125375 -23.9985690407358 -3.1466486471957396 16.94492509147753 

Next Network:

Width: 3
Height: 4
15.666047011566612 -30.24993866997754 -5.029919515021654 
12.243156118035564 9.387921678339668 -11.044208039570085 
10.573256528381302 -13.437744127507214 7.277310199941971 
-29.57356661547731 25.06237794747967 15.099349075640236 

Next Matrix:
Width: 5
Height: 1
25.539713484311736 -2.5875917665327846 -24.35096924641419 -3.2771935055317805 15.001528102850962 

Next Network:

Width: 3
Height: 4
18.669169464171283 -34.42551772094998 -9.244895443637883 
16.139555143703596 8.369046841564145 -10.022495348227096 
7.581009871972558 -12.82057780852071 8.392392654888276 
-28.543366398291887 25.2010722612012 15.683231997546171 

Next Matrix:
Width: 5
Height: 1
26.29695323066954 -2.800581836183698 -23.79221447723034 -2.2770061633227563 17.02818378883349 

Next Network:

Width: 3
Height: 4
16.6517965302148 -28.813567142526555 -4.372957149508637 
12.313296067069425 9.908370728494853 -11.018741947214693 
11.920237248707016 -13.731705470656754 9.661969030279959 
-27.9854244120056 24.94230971126164 15.38926588567005 

Next Matrix:
Width: 5
Height: 1
25.574541928607402 -4.683491150246333 -23.74181651586295 -4.789897897767471 15.338812620268818 

Next Network:

Width: 3
Height: 4
15.46404490834694 -30.918382362213695 -4.621633992861103 
12.191164696353294 10.100228385451784 -11.655350143429178 
10.382993170870545 -13.595022067504232 9.014101961084926 
-29.925208248037954 25.102933700886254 15.696127364928508 

Next Matrix:
Width: 5
Height: 1
26.81600534699994 -4.7043364974125375 -23.846496014312574 -3.494217595641933 16.056462769720945 

Next Network:

Width: 3
Height: 4
16.962671941082743 -30.175653890234262 -6.076705234585784 
11.65281184798098 8.400428503084433 -10.833201728131803 
10.482260024514389 -12.594192426226558 9.146935240467624 
-29.48850411044734 25.06237794747967 15.344977885000723 

Next Matrix:
Width: 5
Height: 1
26.528202835096945 -3.9924195168543815 -25.27567450129879 -4.660652386601786 15.776441981033011 

Next Network:

Width: 3
Height: 4
17.102793351517438 -34.29589737211329 -7.2247142874609285 
13.351407223156096 8.983706833853185 -11.603346010740296 
9.10830650253211 -14.9221459685273 6.466825841578133 
-30.107001447121608 25.60003058807784 14.901512672412393 

Next Matrix:
Width: 5
Height: 1
25.540442971469833 -0.7123870887242236 -26.595258277516983 -5.423321563820852 17.06726488844391 

Next Network:

Width: 3
Height: 4
17.102793351517438 -34.29589737211329 -7.2247142874609285 
13.048987362967441 8.983706833853185 -11.603346010740296 
9.10830650253211 -14.9221459685273 6.466825841578133 
-30.107001447121608 25.60003058807784 14.901512672412393 

Next Matrix:
Width: 5
Height: 1
25.540442971469833 -0.3563574540496497 -26.595258277516983 -5.423321563820852 17.06726488844391 

Next Network:

Width: 3
Height: 4
16.023197285242745 -30.959858326062378 -4.913388828778356 
12.464410894060565 7.661014893819334 -10.917163816271856 
10.02779064841029 -13.513498047935116 7.603918025504543 
-27.961282235716922 24.523507109091728 16.24710884060767 

Next Matrix:
Width: 5
Height: 1
25.211296624922642 -4.111207165814419 -24.21399790079165 -3.494217595641933 14.991533168731474 

Next Network:

Width: 3
Height: 4
16.015657648446116 -30.884302187390645 -5.22270622624654 
12.64567781075243 8.404008606458488 -12.331030456329518 
10.693903875650395 -13.694445513148459 8.534307575131034 
-30.603371528121773 24.94230971126164 15.696127364928508 

Next Matrix:
Width: 5
Height: 1
24.766734899155654 -3.9653096553517404 -22.513609765539535 -4.348285374048441 14.164894916651736 

Next Network:

Width: 3
Height: 4
17.936600256955536 -33.66033862950886 -9.4507494826611 
14.505942834585753 7.775852044876557 -9.16169228287587 
8.226884728391333 -12.818745888954945 6.998795582903171 
-29.43010153037053 24.826641275700453 15.683231997546171 

Next Matrix:
Width: 5
Height: 1
26.60169174544186 -3.378498460946636 -23.652757759187196 -1.4567582838586417 16.209871710252646 

Next Network:

Width: 3
Height: 4
16.786139096341586 -29.82108966298322 -5.16372971377657 
11.599227820986174 7.730310163969044 -12.35596354177571 
9.975284476720656 -13.867432707347898 9.22892644176361 
-30.205925682127162 24.769445469995443 15.555690125526102 

Next Matrix:
Width: 5
Height: 1
26.982795966088105 -3.5255227517272036 -24.457746792145684 -2.734677600056731 15.405722658915812 

Next Network:

Width: 3
Height: 4
17.877172426914925 -33.66033862950886 -8.746843469219224 
16.081446581893193 7.775852044876557 -10.751247133881739 
8.624155849198699 -13.297226118300634 7.911510686842585 
-30.041678881487 24.549407902261912 15.683231997546171 

Next Matrix:
Width: 5
Height: 1
26.89376173351175 -2.122582541049699 -23.652757759187196 -0.777107678841424 16.209871710252646 

Next Network:

Width: 3
Height: 4
16.423954463600385 -29.770081877348346 -5.432427127792623 
10.911482850756412 10.487987720222606 -11.66026692768541 
11.733139820156348 -13.775228868277333 10.221599092252404 
-29.87038147806446 25.482868120321854 14.165106457540757 

Next Matrix:
Width: 5
Height: 1
25.509307017095395 -4.264505619698742 -23.58795948847452 -4.499529001264067 14.419810834399946 

Next Network:

Width: 3
Height: 4
15.885484681538532 -30.681908213604117 -5.743757473216536 
11.234419301279106 9.90309808581329 -11.426770039575985 
11.366615945202653 -14.291182222839467 7.799626079980971 
-29.336600227891676 24.897679533715504 16.29051626552767 

Next Matrix:
Width: 5
Height: 1
26.582163919815653 -2.5032302743090624 -23.11357845095948 -2.7116816704108553 15.594530429480184 

Next Network:

Width: 3
Height: 4
17.936600256955536 -33.66033862950886 -9.4507494826611 
15.503479722217875 7.98103638923954 -9.717563848000154 
8.226884728391333 -12.818745888954945 8.485147659021324 
-29.43010153037053 24.549407902261912 15.493995588133606 

Next Matrix:
Width: 5
Height: 1
26.031055789765436 -2.493844215149238 -23.652757759187196 -1.4567582838586417 16.209871710252646 

Next Network:

Width: 3
Height: 4
15.03624773580689 -30.461818726192234 -4.540991476581578 
11.127934845570342 8.46669495818599 -10.342618986653424 
12.056405135641807 -14.30370359165917 6.698095100318314 
-29.737115908092537 24.94230971126164 15.696127364928508 

Next Matrix:
Width: 5
Height: 1
26.824920008500648 -3.2555945362757033 -22.180113955578257 -5.1704226676033676 13.95229071456667 

Next Network:

Width: 3
Height: 4
18.318764743448853 -34.42540636673362 -9.548162578139578 
15.35878886768035 8.073712778496702 -10.900162012875088 
7.581009871972558 -12.439724825364143 8.543955198026381 
-28.65868509970626 25.110617511649806 15.107600036897377 

Next Matrix:
Width: 5
Height: 1
26.845324513984956 -3.545223226859118 -22.75325685104588 -2.6015074995418166 16.209871710252646 

Next Network:

Width: 3
Height: 4
16.662381068089964 -31.60923905472011 -4.451720929743551 
12.593510762042516 8.916149049274424 -10.84835374128328 
9.744226530432929 -13.798919384739824 5.253519581009767 
-29.702332896019637 22.7689870646411 15.516353447005564 

Next Matrix:
Width: 5
Height: 1
26.353547477773265 -3.0551752783628796 -23.348531110465665 -3.995067644174121 14.991533168731474 

Next Network:

Width: 3
Height: 4
16.233808196610212 -32.372250984892695 -5.410608446330343 
12.018076310080152 8.947976778402174 -9.94297912853634 
11.411759240039991 -12.917964889472847 7.124208667188494 
-29.247116863698256 25.99465388580589 17.121073534687078 

Next Matrix:
Width: 5
Height: 1
26.082647180947422 -4.867133511811543 -27.446410946146415 -4.803104430731759 16.527067294802542 

Next Network:

Width: 3
Height: 4
16.6517965302148 -28.503409927405187 -4.846556080969521 
12.253412431913505 10.272072789292618 -10.598746203387096 
11.083146155988327 -14.514100958474561 9.082210131116856 
-27.515000316070438 24.94230971126164 15.38926588567005 

Next Matrix:
Width: 5
Height: 1
24.876541077310115 -5.44239613556945 -23.74181651586295 -3.9467223272667815 15.300043795997706 

Next Network:

Width: 3
Height: 4
16.36104264227849 -30.885238346390363 -4.7643421145821865 
11.66079755231519 9.999506650882557 -11.253124697126289 
9.53243991665882 -13.648048100744942 6.9243638285834965 
-28.93416902545483 24.828317686312204 16.352204117529723 

Next Matrix:
Width: 5
Height: 1
26.62498997575572 -2.8567922270113195 -23.805933740405795 -3.995067644174121 16.350669455843637 

Next Network:

Width: 3
Height: 4
15.687464662911143 -29.82108966298322 -5.279418186026679 
10.832301964375143 9.283391548438715 -12.35596354177571 
10.104373367312519 -13.65744525419201 8.010284134753485 
-29.296083461005132 24.00504288569689 15.822050870907713 

Next Matrix:
Width: 5
Height: 1
26.610886926740648 -3.817283644946075 -24.457746792145684 -1.8911827862306023 15.106624344676419 

Next Network:

Width: 3
Height: 4
17.717536067574557 -31.853660520261595 -6.4651803516438315 
11.878607668975436 9.194798147832849 -13.054713108661053 
9.693562800976741 -13.253548021317869 7.749244945734682 
-30.9813241996936 26.192660338669004 15.614535814924006 

Next Matrix:
Width: 5
Height: 1
26.374858329276474 -2.78944580464478 -22.049017188807852 -4.239120339275017 15.967546556927639 

Next Network:

Width: 3
Height: 4
18.16708651672609 -35.094819040160395 -9.52942531221722 
16.719850208048346 7.6430679181200425 -10.41934086115295 
7.581009871972558 -12.82057780852071 8.567528004477026 
-29.415093199519717 24.150059363030554 15.683231997546171 

Next Matrix:
Width: 5
Height: 1
27.519598672964413 -2.3890849801206064 -23.71094562339882 -1.4567582838586417 16.209871710252646 

Next Network:

Width: 3
Height: 4
16.188623129666816 -29.117010191418686 -5.295163192862233 
12.313296067069425 9.732052641917244 -11.580334725856384 
11.928060111958052 -13.775228868277333 9.311137260681091 
-29.49195960648799 24.153513212310504 14.972573390213775 

Next Matrix:
Width: 5
Height: 1
25.934722654955713 -4.683491150246333 -23.891718726842686 -4.266783288269009 14.991533168731474 

Next Network:

Width: 3
Height: 4
16.430356102543172 -29.770081877348346 -6.134198777822643 
13.109085283542688 9.732052641917244 -11.580334725856384 
10.976832980838342 -13.775228868277333 9.146804353961945 
-29.49195960648799 24.94230971126164 15.822503868509624 

Next Matrix:
Width: 5
Height: 1
26.353547477773265 -3.6895937535006453 -24.54063336874103 -5.033355139130979 14.231308206042787 

Next Network:

Width: 3
Height: 4
15.934215642287484 -31.68942644690625 -4.109306720172572 
11.931794249440127 11.09741116892379 -11.655350143429178 
10.385902397966468 -13.39336868940996 9.497059684417192 
-30.83745485574519 25.36131283426762 15.769207700229178 

Next Matrix:
Width: 5
Height: 1
26.023733555398465 -3.445160235474913 -23.42118385766416 -3.533158454951142 17.803404370389416 

Next Network:

Width: 3
Height: 4
16.233808196610212 -31.536324120170683 -6.107659434862313 
12.018076310080152 8.880693323683891 -9.554177400832756 
10.554745515413467 -13.182402046684986 6.899071104992177 
-28.728237612656976 25.98226949396949 15.678589331502144 

Next Matrix:
Width: 5
Height: 1
26.082647180947422 -3.386462273484322 -27.446410946146415 -5.183715234500689 15.76126497564674 

Next Network:

Width: 3
Height: 4
15.735221479492251 -31.42480881040534 -6.7228083964222805 
11.66682283906508 8.5909299932156 -10.154704016823306 
10.735321448910707 -14.755493425180273 7.082440988182949 
-29.699651118022047 24.88083154532425 16.18329077342114 

Next Matrix:
Width: 5
Height: 1
24.99618921828247 -4.445099443612662 -22.868048271678358 -3.494217595641933 14.397545958979423 

Next Network:

Width: 3
Height: 4
16.023197285242745 -30.959858326062378 -4.913388828778356 
12.243156118035564 9.02756312604835 -11.560519712694294 
9.152114182705446 -13.92609307237489 7.603918025504543 
-28.20279239166426 23.77403101258238 16.24710884060767 

Next Matrix:
Width: 5
Height: 1
25.47473722407831 -4.111207165814419 -24.21399790079165 -3.494217595641933 15.020888757378755 

Next Network:

Width: 3
Height: 4
16.603350838887525 -34.29589737211329 -7.2247142874609285 
13.048987362967441 9.902626564298568 -11.603346010740296 
8.282450277420212 -15.132323754706569 5.837143689438252 
-30.515132432364087 25.365619252611943 15.251545916689267 

Next Matrix:
Width: 5
Height: 1
25.07895535683849 0.3939002153221056 -26.595258277516983 -5.423321563820852 17.137261808811044 

Next Network:

Width: 3
Height: 4
15.885484681538532 -31.177232187572944 -5.114435153018317 
11.234419301279106 10.288143256023893 -10.800768755632259 
11.337524858360183 -13.528475246553256 8.685074496088951 
-28.790220067287965 24.77872514604237 17.01145212748304 

Next Matrix:
Width: 5
Height: 1
26.353547477773265 -2.5032302743090624 -23.11357845095948 -2.5354818868598654 16.440196118159133 

Next Network:

Width: 3
Height: 4
17.774685429603334 -33.66033862950886 -7.795869721003048 
16.081446581893193 7.341482995509885 -10.570680545199593 
8.98641421770197 -12.82057780852071 7.396340212623393 
-30.041678881487 24.549407902261912 15.325821386779278 

Next Matrix:
Width: 5
Height: 1
26.845324513984956 -1.8874147428428292 -23.937049135935656 -1.4567582838586417 16.209871710252646 

Next Network:

Width: 3
Height: 4
17.810881390298267 -31.700500347049974 -6.075004866065339 
10.74188069950343 9.370440822246298 -11.290869631809153 
10.482260024514389 -11.778105370710248 9.678962473601887 
-28.9785222900572 25.996254067391924 15.799223932791936 

Next Matrix:
Width: 5
Height: 1
26.299951135066042 -3.717498151051025 -26.607722429720134 -5.910574964790715 15.176176803995212 

Next Network:

Width: 3
Height: 4
16.80049405690873 -28.813567142526555 -4.372957149508637 
12.313296067069425 9.908370728494853 -10.509722604923448 
10.976994384851658 -13.731705470656754 9.661969030279959 
-27.56734775619921 24.093335056664205 15.38926588567005 

Next Matrix:
Width: 5
Height: 1
25.574541928607402 -4.683491150246333 -24.1242770646727 -4.789897897767471 15.338812620268818 

Next Network:

Width: 3
Height: 4
17.877172426914925 -32.91614721375447 -8.746843469219224 
16.081446581893193 7.2077245271528065 -10.441377116197492 
8.226884728391333 -13.463542962146695 7.911510686842585 
-29.64235713255126 24.9436196444614 15.683231997546171 

Next Matrix:
Width: 5
Height: 1
26.2546556881764 -1.815169714025907 -23.67647479296695 -1.4567582838586417 16.209871710252646 

Next Network:

Width: 3
Height: 4
17.376878157679798 -30.812429868103656 -8.16627765303932 
11.911204185009629 8.440491397720736 -11.930170281467348 
9.578132403820344 -14.667541687130175 7.046506673767134 
-30.043087428418733 25.801426966626153 17.38492225451736 

Next Matrix:
Width: 5
Height: 1
26.00397333974394 -4.25155840255198 -24.89197586548272 -3.851702450837234 18.304845214031914 

Next Network:

Width: 3
Height: 4
17.717536067574557 -32.83883769724205 -7.156651579472908 
10.916536115060671 9.885737484139403 -12.830171684433743 
9.693562800976741 -12.43412747604369 9.620358985552608 
-30.45816876566116 27.116693608152477 15.614535814924006 

Next Matrix:
Width: 5
Height: 1
26.374858329276474 -3.3910964621388056 -23.47325806666431 -3.7219013869064383 15.406612246488539 

Next Network:

Width: 3
Height: 4
16.618598542925483 -30.777927863172494 -6.991745001756347 
10.20549523780016 9.210895540318493 -10.323358816843609 
10.560108773393948 -13.036752805219214 9.975924946141175 
-29.895751977246988 25.898885112723576 17.02253894180214 

Next Matrix:
Width: 5
Height: 1
25.050249598406573 -4.01806073656876 -24.46636415920972 -2.899874298099273 16.313507035432504 

Next Network:

Width: 3
Height: 4
16.36104264227849 -31.60923905472011 -4.110513268193003 
12.471601701906643 10.11437998688431 -11.253124697126289 
9.663023213461305 -14.420694398749902 6.9243638285834965 
-29.064416180401896 25.151116233022123 15.75785608083535 

Next Matrix:
Width: 5
Height: 1
26.62498997575572 -2.8567922270113195 -23.805933740405795 -3.995067644174121 15.900853961765 

Next Network:

Width: 3
Height: 4
15.969445357838445 -31.21257363394341 -5.22270622624654 
12.068543249220046 10.21193508956478 -9.866024405190894 
10.279875559724148 -14.34495293888091 7.082440988182949 
-30.402125598139527 24.746300408875847 15.696127364928508 

Next Matrix:
Width: 5
Height: 1
26.353547477773265 -3.889344323234008 -23.846496014312574 -3.0268375392360976 14.397545958979423 

Next Network:

Width: 3
Height: 4
19.076700424485715 -34.245346324826855 -8.53625014772276 
16.122626660509066 7.6430679181200425 -10.570680545199593 
6.756802023604797 -12.82057780852071 7.623666732432527 
-29.943055310028907 24.727493772753174 15.683231997546171 

Next Matrix:
Width: 5
Height: 1
27.348666620946588 -2.3890849801206064 -23.652757759187196 -0.6791023042959341 16.209871710252646 

Next Network:

Width: 3
Height: 4
17.512949878046786 -30.844981619781382 -6.076705234585784 
11.65281184798098 8.400428503084433 -10.323358816843609 
10.099989478004986 -12.594192426226558 8.389137242868134 
-29.0049751617899 25.06237794747967 14.530104565413986 

Next Matrix:
Width: 5
Height: 1
26.951731101074554 -3.9924195168543815 -25.27567450129879 -5.000246972997057 15.801455955751724 

Next Network:

Width: 3
Height: 4
17.512949878046786 -31.348738070611716 -5.204223634116871 
10.922441481074571 8.584486404581076 -10.00542722704239 
10.1064679183433 -12.594192426226558 8.020987888703585 
-29.48850411044734 26.427679411933923 15.506739750398378 

Next Matrix:
Width: 5
Height: 1
27.13470537174396 -4.779273272960496 -25.27567450129879 -4.660652386601786 17.57922733087384 

Next Network:

Width: 3
Height: 4
16.023197285242745 -30.816639790737412 -5.22270622624654 
12.333000189073996 8.529429890730892 -12.258386530724396 
9.381740755546412 -14.528653426203165 8.673161066409929 
-28.861462908428866 24.94230971126164 16.23468411605708 

Next Matrix:
Width: 5
Height: 1
26.02030720380641 -3.9653096553517404 -23.846496014312574 -3.494217595641933 14.991533168731474 

Next Network:

Width: 3
Height: 4
15.709643889863948 -30.960497235707173 -5.22270622624654 
12.243156118035564 9.146745680748179 -10.84835374128328 
10.135168181444186 -13.775228868277333 5.519403490454803 
-28.889910024279217 23.378558756628273 15.516353447005564 

Next Matrix:
Width: 5
Height: 1
25.989031867722016 -3.3785892071216104 -23.805933740405795 -3.995067644174121 14.160455649747888 

Next Network:

Width: 3
Height: 4
20.093925551780504 -34.15633721354247 -7.383552437559679 
10.891352954081912 8.523591280389862 -12.54494304004157 
9.175432935537096 -11.476976125636641 8.038928336977166 
-31.2619078372683 25.977855836913456 12.968918512778362 

Next Matrix:
Width: 5
Height: 1
26.4905476648653 -5.359567461817763 -28.482202054679902 -4.536838155862466 12.88152513116788 

Next Network:

Width: 3
Height: 4
15.735958309499466 -31.0220383489109 -5.029919515021654 
12.243156118035564 9.387921678339668 -10.827913722251823 
10.022264479014389 -13.437744127507214 7.236086546386167 
-29.57356661547731 25.06237794747967 16.08688783500002 

Next Matrix:
Width: 5
Height: 1
25.539713484311736 -2.895943738879957 -25.331220854303567 -2.4171579613609593 15.001528102850962 

Next Network:

Width: 3
Height: 4
17.512949878046786 -30.844981619781382 -6.076705234585784 
11.65281184798098 7.850195060629339 -10.323358816843609 
10.482260024514389 -13.490257163642502 7.7053024034277975 
-29.48850411044734 25.06237794747967 15.74814167101568 

Next Matrix:
Width: 5
Height: 1
26.353547477773265 -3.9924195168543815 -25.757866512733997 -4.660652386601786 16.666896981906902 

Next Network:

Width: 3
Height: 4
15.46404490834694 -29.971186105515248 -4.621633992861103 
12.191164696353294 10.095027309418672 -11.655350143429178 
9.838340954872075 -13.595022067504232 9.014101961084926 
-29.925208248037954 24.95706733477534 14.86101527691758 

Next Matrix:
Width: 5
Height: 1
27.54785278986695 -4.7043364974125375 -23.20568890830419 -3.1466486471957396 16.94492509147753 

Next Network:

Width: 3
Height: 4
14.749821590984046 -30.24993866997754 -5.029919515021654 
12.243156118035564 8.983485594172157 -10.679851079599722 
9.660778972605069 -13.437744127507214 6.356362480736747 
-28.953194330279928 25.906897720190212 15.099349075640236 

Next Matrix:
Width: 5
Height: 1
25.539713484311736 -2.5875917665327846 -24.35096924641419 -3.2771935055317805 15.001528102850962 

Next Network:

Width: 3
Height: 4
19.596104952540244 -34.42551772094998 -9.244895443637883 
16.844723523172853 7.860328069260692 -10.022495348227096 
6.595917940494267 -12.82057780852071 8.392392654888276 
-28.543366398291887 25.2010722612012 15.683231997546171 

Next Matrix:
Width: 5
Height: 1
26.29695323066954 -3.3221236610779004 -23.79221447723034 -1.3228519937752716 17.02818378883349 

Next Network:

Width: 3
Height: 4
17.381894789864674 -28.813567142526555 -3.9607694125424833 
12.341541519424073 9.908370728494853 -11.018741947214693 
12.03110010034502 -13.731705470656754 9.661969030279959 
-27.9854244120056 25.714032333410266 15.38926588567005 

Next Matrix:
Width: 5
Height: 1
26.5386651183043 -4.2919196929162435 -23.143758611019578 -4.789897897767471 15.338812620268818 

Next Network:

Width: 3
Height: 4
16.123258173328864 -31.36389953149931 -4.621633992861103 
12.191164696353294 9.969720851683572 -11.655350143429178 
9.981575968383869 -13.504885740410753 9.837900835972581 
-29.973742867986473 25.102933700886254 15.14938470965457 

Next Matrix:
Width: 5
Height: 1
27.34661153134846 -4.7043364974125375 -23.17867874865525 -3.494217595641933 16.056462769720945 

Next Network:

Width: 3
Height: 4
16.962671941082743 -30.175653890234262 -6.4175911396402165 
11.65281184798098 8.400428503084433 -10.833201728131803 
9.881966867643007 -11.634947865238129 8.188743350904858 
-29.48850411044734 25.06237794747967 15.344977885000723 

Next Matrix:
Width: 5
Height: 1
26.528202835096945 -3.9267422117345854 -25.27567450129879 -4.660652386601786 15.220269304516286 

Next Network:

Width: 3
Height: 4
17.40642841397736 -34.29589737211329 -7.2247142874609285 
12.810675495754438 8.983706833853185 -11.603346010740296 
9.10830650253211 -14.9221459685273 6.466825841578133 
-29.49100215597948 25.35429422793633 14.901512672412393 

Next Matrix:
Width: 5
Height: 1
25.540442971469833 -0.5482754675852886 -25.758320404158603 -5.423321563820852 17.06726488844391 

Next Network:

Width: 3
Height: 4
16.18339831768717 -34.057192040146376 -6.687495916708535 
13.048987362967441 8.983706833853185 -12.21062642163542 
9.10830650253211 -15.780361100352257 6.466825841578133 
-30.107001447121608 25.60003058807784 14.901512672412393 

Next Matrix:
Width: 5
Height: 1
26.376186833622153 -0.3563574540496497 -26.645727560809355 -4.7136262854004585 17.06726488844391 
