2
Width: 3
Height: 4
-16.756839911109484 19.813963331702958 5.220676754700467 
-23.2344445194188 5.855805554902987 -1.6795691934568582 
17.724820154671992 2.604243511666395 -4.239216744963894 
0.10107051495140396 13.181523774984583 3.5698082830026046 

Next Matrix:
Width: 5
Height: 1
-16.793955609854127 25.00994584318149 12.406602889114108 -16.960213789977857 14.55700696145557 

Next Network:

2
Width: 3
Height: 4
-15.683999219836414 20.401287464165144 8.486496245942638 
-21.425201278379106 5.436085722604069 -1.5178451570094218 
19.779770896073924 2.9363221550164362 -2.922425574068802 
0.8687156545648889 13.707355954797759 4.265424934752799 

Next Matrix:
Width: 5
Height: 1
-17.102624810452674 27.431988628137827 14.020693768915043 -20.139945926148787 13.733072658455821 

Next Network:

2
Width: 3
Height: 4
-16.756839911109484 18.346231895385593 4.702396741998058 
-23.1164831671357 6.816680959041564 -1.3231789136002636 
18.650759812266088 2.0419880150696446 -4.239216744963894 
0.669362287563581 12.260013453731332 4.0995260290164985 

Next Matrix:
Width: 5
Height: 1
-16.793955609854127 25.014752296545215 12.382031451648151 -16.960213789977857 14.55700696145557 

Next Network:

2
Width: 3
Height: 4
-15.166332732615283 21.209449066756484 7.715496151520933 
-22.092475480128606 7.151503120861297 -0.961637790072833 
19.52480992173316 2.948738724495447 -2.491297641044002 
0.4035964379552015 13.795446446406658 4.104408387020492 

Next Matrix:
Width: 5
Height: 1
-17.862758256229682 26.370971210341075 12.132674041120563 -17.573251769453954 14.218818157724456 

Next Network:

2
Width: 3
Height: 4
-16.538964290418594 21.694112615360563 8.36726001843155 
-23.192522724995317 7.761577491710235 -3.0442638765923666 
19.38128595729541 3.5411518137951266 -3.7003438797753283 
-0.8979803435348175 15.420377489861222 3.385663973653856 

Next Matrix:
Width: 5
Height: 1
-18.57555468435569 24.613901019843045 12.74862856205734 -16.383595619475493 14.130755973361378 

Next Network:

2
Width: 3
Height: 4
-15.166332732615283 21.209449066756484 7.715496151520933 
-22.092475480128606 7.151503120861297 -0.961637790072833 
19.52480992173316 2.948738724495447 -2.491297641044002 
0.4035964379552015 13.795446446406658 4.104408387020492 

Next Matrix:
Width: 5
Height: 1
-17.862758256229682 26.370971210341075 12.132674041120563 -17.573251769453954 14.218818157724456 

Next Network:

2
Width: 3
Height: 4
-16.756839911109484 19.813963331702958 5.220676754700467 
-23.1164831671357 5.855805554902987 -1.788959277515588 
17.724820154671992 2.604243511666395 -4.239216744963894 
0.10107051495140396 13.181523774984583 4.0995260290164985 

Next Matrix:
Width: 5
Height: 1
-16.793955609854127 25.13589795855878 12.406602889114108 -16.960213789977857 14.55700696145557 

Next Network:

2
Width: 3
Height: 4
-16.921495866624277 20.60944912738895 5.220676754700467 
-23.1164831671357 6.77293648646238 -1.6697555312364016 
18.8418063773753 1.970448336410512 -4.239216744963894 
0.10107051495140396 12.410239575677865 4.34176493310868 

Next Matrix:
Width: 5
Height: 1
-15.903574691962074 26.639949516998144 12.406602889114108 -17.27842248076219 15.029940461080725 

Next Network:

2
Width: 3
Height: 4
-16.61694021932034 19.813963331702958 4.323482189204484 
-23.662552786099383 5.855805554902987 -1.6795691934568582 
17.724820154671992 3.157233795350568 -4.671744804404641 
0.10107051495140396 13.181523774984583 3.5698082830026046 

Next Matrix:
Width: 5
Height: 1
-16.793955609854127 25.00994584318149 12.17113886201511 -16.010994198156496 14.117435948342887 

Next Network:

2
Width: 3
Height: 4
-13.377677668473723 18.423542229541752 10.057144788713828 
-22.00750561149893 8.491688628571954 -1.3302077536773138 
18.261171158949423 3.142389503142872 -4.813502374650933 
-3.216154061687778 14.94629006752702 1.3442701845338265 

Next Matrix:
Width: 5
Height: 1
-13.989650009029441 26.124107108981114 12.899255663603132 -15.431359049613226 15.170761718764012 

Next Network:

2
Width: 3
Height: 4
-16.538964290418594 21.719444665347954 8.166482951275345 
-23.192522724995317 7.761577491710235 -3.0442638765923666 
19.38128595729541 3.5411518137951266 -4.181039981609304 
-0.45037996181477213 15.420377489861222 3.385663973653856 

Next Matrix:
Width: 5
Height: 1
-18.57555468435569 25.241667864399204 12.74862856205734 -16.383595619475493 14.130755973361378 

Next Network:

2
Width: 3
Height: 4
-15.9557200458065 20.70457844098505 5.095936454856073 
-23.350733886506948 5.855805554902987 -0.9331465137887405 
18.37837926973661 3.371214414369029 -3.7861803042323148 
0.10107051495140396 13.571980186691714 4.0995260290164985 

Next Matrix:
Width: 5
Height: 1
-16.793955609854127 25.158383846770256 12.885071828461221 -16.62798710650796 14.55700696145557 

Next Network:

2
Width: 3
Height: 4
-17.65907564510071 19.16330542435238 8.049400637128443 
-23.52947071444448 9.119661408563127 0.0330438966723412 
19.02941065703139 3.0735922185129256 -5.301385239275254 
-1.3885104688298593 13.566028854314766 2.918010455148046 

Next Matrix:
Width: 5
Height: 1
-16.866586699733624 25.75305054796555 12.546643627276854 -16.12196982503781 16.05486030647226 

Next Network:

2
Width: 3
Height: 4
-15.411030777976645 21.217654598584513 8.941008777702052 
-21.520845696590527 5.8533049917440785 -1.5169565990500185 
19.62622619271928 2.4918530828507124 -2.932991945344545 
0.8003735524679911 13.344522892230337 4.265424934752799 

Next Matrix:
Width: 5
Height: 1
-19.027355469147547 26.736025588434302 12.396697898826142 -19.991527362050235 15.632945597676269 

Next Network:

2
Width: 3
Height: 4
-14.309141642902363 20.17034318225271 7.030286618463951 
-21.489185484208498 6.998802617247222 -0.8831563613372992 
19.52480992173316 3.2542482420885968 -3.532056310682827 
0.6697923332854494 14.254061464416408 4.921445048943131 

Next Matrix:
Width: 5
Height: 1
-17.862758256229682 26.902355024861052 12.64546597396421 -17.51283253694999 14.218818157724456 

Next Network:

2
Width: 3
Height: 4
-12.705021389954616 19.731703921041994 9.174647556200032 
-23.218382064796785 7.676606572333743 0.01904416232333639 
19.597778532000756 2.3347417741564014 -5.265342750669687 
-0.05858462101541262 15.556937056846214 4.324531682923149 

Next Matrix:
Width: 5
Height: 1
-15.511921088337868 26.99883443256965 11.702925431100716 -15.756677763195606 15.051711909311996 

Next Network:

2
Width: 3
Height: 4
-15.166332732615283 21.209449066756484 7.715496151520933 
-22.092475480128606 7.151503120861297 -0.961637790072833 
19.52480992173316 2.948738724495447 -2.491297641044002 
0.4035964379552015 13.795446446406658 4.104408387020492 

Next Matrix:
Width: 5
Height: 1
-17.862758256229682 26.370971210341075 12.132674041120563 -17.573251769453954 14.218818157724456 

Next Network:

2
Width: 3
Height: 4
-15.40416792133895 21.613615189272856 8.815594988763614 
-23.743669675079133 8.93503839351155 -2.1604780189879347 
18.864722193057027 2.2520874090626197 -3.8083939118357346 
-0.06482618686221953 13.612825718850244 2.4758658715322626 

Next Matrix:
Width: 5
Height: 1
-17.656662196750887 26.697182682283234 13.339773096772412 -15.085172513725373 15.55551458389089 

Next Network:

2
Width: 3
Height: 4
-16.756839911109484 19.813963331702958 5.220676754700467 
-23.2344445194188 5.855805554902987 -1.6795691934568582 
17.724820154671992 2.604243511666395 -4.239216744963894 
0.10107051495140396 13.181523774984583 3.5698082830026046 

Next Matrix:
Width: 5
Height: 1
-16.793955609854127 25.00994584318149 12.406602889114108 -16.960213789977857 14.55700696145557 

Next Network:

2
Width: 3
Height: 4
-16.756839911109484 18.346231895385593 4.702396741998058 
-23.1164831671357 6.816680959041564 -1.3231789136002636 
18.650759812266088 2.0419880150696446 -4.239216744963894 
0.669362287563581 12.260013453731332 4.0995260290164985 

Next Matrix:
Width: 5
Height: 1
-16.793955609854127 25.014752296545215 12.382031451648151 -16.960213789977857 14.55700696145557 

Next Network:

2
Width: 3
Height: 4
-14.309141642902363 20.17034318225271 7.030286618463951 
-21.489185484208498 7.844200385641931 -0.8831563613372992 
19.52480992173316 3.2542482420885968 -3.532056310682827 
0.6697923332854494 14.254061464416408 4.921445048943131 

Next Matrix:
Width: 5
Height: 1
-17.862758256229682 26.902355024861052 12.64546597396421 -17.51283253694999 14.751790608652126 

Next Network:

2
Width: 3
Height: 4
-13.64765214934739 21.213842428082287 6.882384660323842 
-20.539839261909915 5.390781217497411 -3.010516382355871 
18.11108072184578 4.731611603850569 -4.008962918065197 
0.5192653634763771 14.723251595606955 4.671678501819076 

Next Matrix:
Width: 5
Height: 1
-16.306911341196443 25.4410346407533 14.158456016633016 -20.922993749455536 15.332824310727114 

Next Network:

2
Width: 3
Height: 4
-14.309141642902363 20.17034318225271 7.030286618463951 
-21.489185484208498 6.998802617247222 -0.8831563613372992 
19.52480992173316 3.2542482420885968 -3.532056310682827 
0.6697923332854494 14.254061464416408 4.921445048943131 

Next Matrix:
Width: 5
Height: 1
-17.862758256229682 26.902355024861052 12.64546597396421 -17.51283253694999 14.218818157724456 

Next Network:

2
Width: 3
Height: 4
-13.840121015123287 16.09184304323401 12.179280746256818 
-21.705933585719375 9.337855947603115 0.5258626626002516 
14.063104110888425 8.048348578264504 -0.39952364425640474 
2.1304769375066908 14.484960544870574 3.248406010650342 

Next Matrix:
Width: 5
Height: 1
-17.701697708579363 29.240121932180273 16.15937863867482 -21.810075186366575 10.616028266799452 

Next Network:

2
Width: 3
Height: 4
-14.169453237914018 18.21825666400939 9.587532605608791 
-22.792185388075037 8.639055078313579 -1.3302077536773138 
18.261171158949423 2.15615850466925 -5.147557185681522 
-2.538411753545865 15.273195994938337 0.8010557187761056 

Next Matrix:
Width: 5
Height: 1
-13.989650009029441 25.631133938997788 12.01428987203575 -15.868511873200694 15.321455731298332 

Next Network:

2
Width: 3
Height: 4
-16.538964290418594 21.719444665347954 8.166482951275345 
-23.192522724995317 7.761577491710235 -3.0442638765923666 
19.38128595729541 3.5411518137951266 -4.181039981609304 
-0.45037996181477213 15.420377489861222 3.385663973653856 

Next Matrix:
Width: 5
Height: 1
-17.68455100509331 26.1694723150556 12.74862856205734 -16.68692143111653 14.130755973361378 

Next Network:

2
Width: 3
Height: 4
-15.166332732615283 21.209449066756484 7.030286618463951 
-22.092475480128606 6.998802617247222 -0.961637790072833 
19.52480992173316 2.948738724495447 -3.134833141726384 
0.9506098731750194 13.795446446406658 4.104408387020492 

Next Matrix:
Width: 5
Height: 1
-17.862758256229682 26.370971210341075 12.09975454219619 -17.573251769453954 14.218818157724456 

Next Network:

2
Width: 3
Height: 4
-15.166332732615283 21.209449066756484 7.715496151520933 
-22.092475480128606 7.151503120861297 -0.961637790072833 
19.52480992173316 2.948738724495447 -2.491297641044002 
0.4035964379552015 13.795446446406658 4.104408387020492 

Next Matrix:
Width: 5
Height: 1
-17.862758256229682 26.370971210341075 12.132674041120563 -17.573251769453954 14.218818157724456 

Next Network:

2
Width: 3
Height: 4
-15.163653897253532 21.131512223863947 9.305385440916764 
-21.425201278379106 6.1907578369142 -1.5676554170224708 
19.544882347937325 3.174547646202077 -3.4858335065168373 
1.5210975522605308 13.707355954797759 3.96454117605869 

Next Matrix:
Width: 5
Height: 1
-17.44980655406228 26.989270993104583 12.818417542454378 -20.69688653816702 14.659683078850923 

Next Network:

2
Width: 3
Height: 4
-13.840121015123287 16.63884077383968 11.949076389509067 
-21.705933585719375 8.900798620591528 0.4015625417754509 
14.063104110888425 8.048348578264504 -0.7242236326815346 
0.9979090713006273 14.716940574505472 3.599448241429631 

Next Matrix:
Width: 5
Height: 1
-17.602446031217152 29.240121932180273 17.065010953186846 -22.666873998622904 9.241838123737702 

Next Network:

2
Width: 3
Height: 4
-18.285078805268945 18.998985881209958 6.534928151133738 
-23.429982952057998 8.481248449112318 -1.0348861649248786 
19.96009394471745 3.488925322581344 -5.671425972188915 
-1.5674450649156715 14.94828120921621 1.6604470305487928 

Next Matrix:
Width: 5
Height: 1
-17.46323147143911 24.4368398006996 12.586351371888687 -17.219087148584105 15.094801532040949 

Next Network:

2
Width: 3
Height: 4
-14.552743416447004 21.711725379529017 8.324897379745769 
-23.604598716980732 8.18721983371208 -1.6139582644027106 
18.324346366017334 3.090618968852033 -3.8083939118357346 
-2.2506861014932227 14.962996333654482 3.502148172850699 

Next Matrix:
Width: 5
Height: 1
-17.91831043960672 26.620656121860478 12.583315030908373 -13.979503308268919 14.116095068606038 

Next Network:

2
Width: 3
Height: 4
-15.166332732615283 21.50958050627673 6.954304283111922 
-21.264523064581333 7.151503120861297 -1.2018244192755354 
20.48522435079484 2.667617372815777 -1.657365437801365 
1.1351115029901264 13.795446446406658 4.104408387020492 

Next Matrix:
Width: 5
Height: 1
-18.257446198904066 25.58665861459643 11.214496991883859 -17.573251769453954 14.218818157724456 

Next Network:

2
Width: 3
Height: 4
-15.472252360214185 20.75483189136607 7.922407389225569 
-23.604598716980732 8.18721983371208 -1.6139582644027106 
18.864722193057027 2.2520874090626197 -3.8083939118357346 
-0.8585602076385659 13.612825718850244 2.791807317660794 

Next Matrix:
Width: 5
Height: 1
-18.632066458920686 26.697182682283234 13.339773096772412 -15.085172513725373 14.904836862164762 

Next Network:

2
Width: 3
Height: 4
-12.705021389954616 20.70084956494128 8.627682080796728 
-23.218382064796785 7.676606572333743 -0.5485226631048132 
19.597778532000756 2.3347417741564014 -6.1253956722911616 
-0.05858462101541262 14.61319500253392 4.008884970507443 

Next Matrix:
Width: 5
Height: 1
-15.511921088337868 26.324614754636546 11.702925431100716 -15.756677763195606 15.051711909311996 

Next Network:

2
Width: 3
Height: 4
-15.25539670184066 20.551306362808862 7.030286618463951 
-22.268126328823847 7.922393148543656 -1.3060437010189383 
19.52480992173316 3.2542482420885968 -3.949205096970437 
0.2916351001402917 13.795446446406658 4.14662352864518 

Next Matrix:
Width: 5
Height: 1
-16.914470226580054 26.902355024861052 12.406602889114108 -15.939350533119578 14.218818157724456 

Next Network:

2
Width: 3
Height: 4
-17.65907564510071 19.16330542435238 8.737399143737985 
-23.52947071444448 9.119661408563127 0.0330438966723412 
19.02941065703139 3.4238462240959895 -5.864673917179293 
-1.3885104688298593 14.147543694441241 2.1458399107329984 

Next Matrix:
Width: 5
Height: 1
-16.866586699733624 25.75305054796555 12.995965261836705 -16.12196982503781 16.05486030647226 

Next Network:

2
Width: 3
Height: 4
-16.589080879291142 21.26811686986657 8.623657905999435 
-23.192522724995317 8.404345276797278 -1.6358225744749806 
17.940117148661965 3.1947543569095425 -4.206499824602574 
-2.124888890354221 15.384845368942306 3.452747802292678 

Next Matrix:
Width: 5
Height: 1
-18.57555468435569 24.532471787707223 12.74862856205734 -16.383595619475493 13.026627431542794 

Next Network:

2
Width: 3
Height: 4
-13.840121015123287 16.63884077383968 11.949076389509067 
-21.705933585719375 8.900798620591528 0.4015625417754509 
14.063104110888425 8.048348578264504 -0.7242236326815346 
1.1481134120815204 14.062535375209286 3.1025022968317253 

Next Matrix:
Width: 5
Height: 1
-17.602446031217152 29.240121932180273 16.15937863867482 -22.124403125977572 9.241838123737702 

Next Network:

2
Width: 3
Height: 4
-14.861808218412994 21.462666928365955 8.479519873482566 
-21.296289975131717 7.056412473084501 -0.9149344983741299 
18.398653609805077 4.3641201583459415 -3.3750824153150187 
1.1829461378494435 14.89072977176564 4.463975998075118 

Next Matrix:
Width: 5
Height: 1
-19.076340084502732 25.44871984023768 13.666127940844712 -20.265927506363393 14.918361922045435 

Next Network:

2
Width: 3
Height: 4
-14.866396957589311 20.75483189136607 8.914879175269121 
-23.604598716980732 8.18721983371208 -0.9983597666451629 
19.11097771293382 2.2520874090626197 -3.8083939118357346 
-0.8585602076385659 14.09997929209126 2.613665367292646 

Next Matrix:
Width: 5
Height: 1
-18.026887176307365 26.485072184485638 13.21136482851962 -14.345619969146888 14.173116792473827 

Next Network:

2
Width: 3
Height: 4
-14.309141642902363 20.17034318225271 7.030286618463951 
-21.489185484208498 6.998802617247222 -0.8831563613372992 
19.52480992173316 3.2542482420885968 -3.532056310682827 
0.6697923332854494 14.254061464416408 4.921445048943131 

Next Matrix:
Width: 5
Height: 1
-17.862758256229682 26.902355024861052 12.64546597396421 -17.51283253694999 14.218818157724456 

Next Network:

2
Width: 3
Height: 4
-14.309141642902363 20.095719029408897 6.042823742443112 
-21.86371982480111 6.998802617247222 -0.8831563613372992 
18.86874986331136 3.561762056987318 -4.089406285401177 
0.5582997301219743 14.254061464416408 5.188128170825753 

Next Matrix:
Width: 5
Height: 1
-18.288562403520043 26.677743516347096 12.3340860597893 -17.51283253694999 14.218818157724456 

Next Network:

2
Width: 3
Height: 4
-16.59117413290501 20.70457844098505 5.220676754700467 
-23.350733886506948 5.855805554902987 -0.9331465137887405 
18.37837926973661 3.0701816406371654 -4.239216744963894 
0.10107051495140396 12.804981573719349 4.0995260290164985 

Next Matrix:
Width: 5
Height: 1
-16.793955609854127 25.13589795855878 12.885071828461221 -16.62798710650796 14.55700696145557 

Next Network:

2
Width: 3
Height: 4
-16.46059204194731 20.60944912738895 5.220676754700467 
-23.1164831671357 6.689105492222918 -1.788959277515588 
18.44825995472881 2.877783960165814 -4.239216744963894 
0.7039228017826489 12.790261911193094 3.7399767676646336 

Next Matrix:
Width: 5
Height: 1
-16.793955609854127 25.864576903927507 11.520677994452953 -17.964451154241186 14.074678117112159 

Next Network:

2
Width: 3
Height: 4
-16.270732798024387 15.684373303206234 11.8205934862484 
-22.60122777646453 6.884222648738589 0.3430957118711011 
12.496806970543675 8.335086306576743 -2.222279663445498 
1.8538636084682116 13.464255707831558 3.3935737070142125 

Next Matrix:
Width: 5
Height: 1
-15.656593911621238 28.260030241148193 16.71627869048091 -20.23879594920254 8.206849999275942 

Next Network:

2
Width: 3
Height: 4
-15.163653897253532 21.131512223863947 9.305385440916764 
-21.425201278379106 6.1907578369142 -1.5676554170224708 
19.544882347937325 3.174547646202077 -3.4858335065168373 
1.5210975522605308 13.707355954797759 3.96454117605869 

Next Matrix:
Width: 5
Height: 1
-17.44980655406228 26.989270993104583 12.818417542454378 -20.69688653816702 14.659683078850923 

Next Network:

2
Width: 3
Height: 4
-16.756839911109484 19.16217314533062 4.702396741998058 
-23.1164831671357 6.816680959041564 -1.3231789136002636 
17.724820154671992 2.0728822051922333 -4.239216744963894 
0.669362287563581 12.260013453731332 4.0995260290164985 

Next Matrix:
Width: 5
Height: 1
-16.793955609854127 24.81697176736603 12.382031451648151 -16.960213789977857 14.55700696145557 

Next Network:

2
Width: 3
Height: 4
-16.61694021932034 19.813963331702958 4.323482189204484 
-23.662552786099383 5.855805554902987 -1.6795691934568582 
17.724820154671992 3.157233795350568 -4.671744804404641 
0.10107051495140396 13.181523774984583 3.5698082830026046 

Next Matrix:
Width: 5
Height: 1
-16.793955609854127 25.00994584318149 12.17113886201511 -16.010994198156496 14.117435948342887 

Next Network:

2
Width: 3
Height: 4
-15.683999219836414 20.401287464165144 8.486496245942638 
-21.425201278379106 6.296022630404377 -1.2544858333869706 
19.779770896073924 2.9363221550164362 -3.4858335065168373 
0.8687156545648889 13.707355954797759 4.265424934752799 

Next Matrix:
Width: 5
Height: 1
-17.44980655406228 26.989270993104583 13.538337960715982 -19.94912235534064 14.659683078850923 

Next Network:

2
Width: 3
Height: 4
-16.497722772891496 20.809261506306374 5.900922084125577 
-24.015836155937954 5.855805554902987 -1.200899386981438 
17.724820154671992 2.604243511666395 -4.239216744963894 
0.10107051495140396 13.181523774984583 3.5698082830026046 

Next Matrix:
Width: 5
Height: 1
-16.793955609854127 25.00994584318149 12.406602889114108 -16.866436013466448 14.55700696145557 

Next Network:

2
Width: 3
Height: 4
-15.683999219836414 20.401287464165144 8.851352437553166 
-20.745129449767543 5.436085722604069 -1.5178451570094218 
19.779770896073924 2.9363221550164362 -2.922425574068802 
0.8687156545648889 13.707355954797759 4.265424934752799 

Next Matrix:
Width: 5
Height: 1
-17.990304514638908 27.26475239016478 13.121512354797733 -20.139945926148787 13.31602939362998 

Next Network:

2
Width: 3
Height: 4
-16.756839911109484 17.466837605503347 4.702396741998058 
-23.1164831671357 7.692334728156041 -0.36044597629259356 
18.650759812266088 2.0419880150696446 -4.206859787674793 
0.669362287563581 12.260013453731332 4.0995260290164985 

Next Matrix:
Width: 5
Height: 1
-17.312263109127283 25.014752296545215 11.631696841671594 -15.979004077786126 14.55700696145557 

Next Network:

2
Width: 3
Height: 4
-15.166332732615283 21.209449066756484 7.715496151520933 
-22.092475480128606 7.151503120861297 -0.3099941165534892 
19.52480992173316 2.948738724495447 -2.491297641044002 
1.053258622683027 13.795446446406658 4.104408387020492 

Next Matrix:
Width: 5
Height: 1
-18.044576866788177 26.370971210341075 12.132674041120563 -17.573251769453954 14.218818157724456 

Next Network:

2
Width: 3
Height: 4
-16.538964290418594 21.694112615360563 7.820430832525099 
-22.660323673345335 7.761577491710235 -3.0442638765923666 
19.62619780987688 2.627218954294239 -3.7003438797753283 
-0.8979803435348175 15.718471872657119 2.531699000721755 

Next Matrix:
Width: 5
Height: 1
-18.57555468435569 24.613901019843045 12.74862856205734 -16.383595619475493 14.447331199961075 

Next Network:

2
Width: 3
Height: 4
-15.166332732615283 21.99363608858573 7.914002124563981 
-22.092475480128606 7.151503120861297 -0.961637790072833 
19.52480992173316 2.948738724495447 -2.491297641044002 
0.4035964379552015 13.696199653151691 4.790569964978622 

Next Matrix:
Width: 5
Height: 1
-17.154696490045477 26.806039111737583 12.840976867294376 -17.573251769453954 14.218818157724456 

Next Network:

2
Width: 3
Height: 4
-15.875522757411122 19.813963331702958 5.471130927212034 
-23.1164831671357 6.401588102159798 -1.788959277515588 
18.521323602486593 3.200546592845533 -4.239216744963894 
0.10107051495140396 13.181523774984583 4.0995260290164985 

Next Matrix:
Width: 5
Height: 1
-16.868309279925157 25.13589795855878 12.406602889114108 -16.960213789977857 15.548503185102097 

Next Network:

2
Width: 3
Height: 4
-16.921495866624277 20.60944912738895 5.220676754700467 
-23.1164831671357 6.77293648646238 -1.6697555312364016 
18.8418063773753 1.970448336410512 -4.239216744963894 
0.10107051495140396 12.74065493437012 4.34176493310868 

Next Matrix:
Width: 5
Height: 1
-15.903574691962074 26.639949516998144 12.406602889114108 -17.717299323943266 15.996586891104146 

Next Network:

2
Width: 3
Height: 4
-16.839770321111267 20.145343104890227 4.705302916462185 
-24.07845391260551 6.7390756309609365 -1.9405863417242744 
17.724820154671992 3.157233795350568 -4.671744804404641 
0.9284194879479997 13.181523774984583 3.5698082830026046 

Next Matrix:
Width: 5
Height: 1
-16.793955609854127 25.00994584318149 11.399391522517627 -15.208967701379079 14.117435948342887 

Next Network:

2
Width: 3
Height: 4
-13.377677668473723 18.954814707932826 10.057144788713828 
-22.00750561149893 9.132164630033412 -1.3302077536773138 
18.261171158949423 2.3726356847318133 -4.813502374650933 
-3.2796894051589103 14.94629006752702 1.3442701845338265 

Next Matrix:
Width: 5
Height: 1
-13.989650009029441 25.88909572128914 13.056117721226427 -14.81405514146764 15.914801912392912 

Next Network:

2
Width: 3
Height: 4
-16.538964290418594 21.719444665347954 8.505946268733606 
-23.192522724995317 8.599575783560962 -3.0442638765923666 
19.38128595729541 3.5411518137951266 -4.181039981609304 
-0.45037996181477213 14.59174419081956 3.385663973653856 

Next Matrix:
Width: 5
Height: 1
-18.57555468435569 24.49397684400485 12.74862856205734 -16.258359113915386 14.130755973361378 

Next Network:

2
Width: 3
Height: 4
-15.9557200458065 20.70457844098505 4.793377518037021 
-24.175143659269406 5.437568748029307 -0.44878156141912995 
18.37837926973661 3.5907583346141374 -3.8087886704819773 
0.10107051495140396 14.351433169251045 4.0995260290164985 

Next Matrix:
Width: 5
Height: 1
-16.793955609854127 25.393707089513196 12.885071828461221 -16.62798710650796 14.45124718051087 

Next Network:

2
Width: 3
Height: 4
-16.9826093855188 19.16330542435238 8.049400637128443 
-23.38604928904521 9.119661408563127 -0.7523357386608363 
19.02941065703139 3.0735922185129256 -5.301385239275254 
-1.9182229138698337 13.566028854314766 2.918010455148046 

Next Matrix:
Width: 5
Height: 1
-16.866586699733624 25.75305054796555 12.895114845712676 -15.951444496777523 16.99783926262518 

Next Network:

2
Width: 3
Height: 4
-15.419614913633588 21.796321119839238 8.993520983381199 
-21.66836955758597 5.8533049917440785 -1.5169565990500185 
20.48484030241034 2.4918530828507124 -2.932991945344545 
0.8003735524679911 13.344522892230337 4.265424934752799 

Next Matrix:
Width: 5
Height: 1
-18.73661143395434 26.736025588434302 12.485087968873476 -19.991527362050235 15.632945597676269 

Next Network:

2
Width: 3
Height: 4
-14.309141642902363 19.236083306055303 7.030286618463951 
-21.489185484208498 6.998802617247222 -0.8831563613372992 
19.64542213931214 3.2542482420885968 -3.9724050266424253 
1.2232158309984422 14.254061464416408 4.921445048943131 

Next Matrix:
Width: 5
Height: 1
-16.87103603767213 26.879185783147204 13.442686100089748 -17.51283253694999 14.324589082217848 

Next Network:

2
Width: 3
Height: 4
-12.705021389954616 19.731703921041994 9.192842191875409 
-23.218382064796785 8.34563034103835 0.01904416232333639 
19.597778532000756 1.926120344551893 -4.8057024352044495 
-0.05858462101541262 15.913285110617714 4.853490549222997 

Next Matrix:
Width: 5
Height: 1
-15.511921088337868 26.99883443256965 11.702925431100716 -15.756677763195606 15.051711909311996 

Next Network:

2
Width: 3
Height: 4
-15.166332732615283 21.47929042026709 7.8484403683745185 
-22.092475480128606 6.730723162326322 -0.40292338487285484 
19.27896229299165 2.948738724495447 -2.491297641044002 
0.4035964379552015 13.795446446406658 4.104408387020492 

Next Matrix:
Width: 5
Height: 1
-18.296753980824615 25.809538858381455 12.132674041120563 -17.650989188421015 14.218818157724456 

Next Network:

2
Width: 3
Height: 4
-15.40416792133895 21.613615189272856 8.90709588689183 
-23.743669675079133 8.93503839351155 -2.1604780189879347 
18.043745429388146 2.2520874090626197 -4.289515939883522 
-0.31838032287423856 13.612825718850244 2.3905598770301655 

Next Matrix:
Width: 5
Height: 1
-17.656662196750887 26.697182682283234 13.339773096772412 -14.505433351368383 15.212119107281215 

Next Network:

2
Width: 3
Height: 4
-16.08540600644302 20.25161351509409 5.220676754700467 
-22.252288965898828 5.855805554902987 -1.6795691934568582 
17.724820154671992 1.9809131461145988 -4.239216744963894 
0.10107051495140396 13.181523774984583 3.5698082830026046 

Next Matrix:
Width: 5
Height: 1
-16.793955609854127 25.00994584318149 12.143393335839116 -17.580812379486872 14.55700696145557 

Next Network:

2
Width: 3
Height: 4
-16.355767541900804 18.346231895385593 4.702396741998058 
-23.1164831671357 6.589914849261973 -1.9422871341416286 
18.650759812266088 2.0419880150696446 -3.40421598327259 
0.669362287563581 12.260013453731332 3.117846352189842 

Next Matrix:
Width: 5
Height: 1
-16.793955609854127 25.014752296545215 11.959322877340838 -16.960213789977857 14.55700696145557 

Next Network:

2
Width: 3
Height: 4
-14.309141642902363 20.010323265917975 7.030286618463951 
-21.489185484208498 8.362054206201295 -1.7093760977416794 
19.52480992173316 3.2542482420885968 -3.532056310682827 
0.6697923332854494 14.955817537076541 4.921445048943131 

Next Matrix:
Width: 5
Height: 1
-17.862758256229682 26.902355024861052 12.64546597396421 -17.51283253694999 14.751790608652126 

Next Network:

2
Width: 3
Height: 4
-13.64765214934739 21.213842428082287 6.882384660323842 
-19.58361635891762 5.390781217497411 -2.6618839444431277 
18.11108072184578 3.854770275060311 -4.008962918065197 
0.8449627432023925 14.693113275996055 4.671678501819076 

Next Matrix:
Width: 5
Height: 1
-15.706877414907423 25.4410346407533 14.158456016633016 -20.922993749455536 15.332824310727114 

Next Network:

2
Width: 3
Height: 4
-14.81380538294074 19.329505708486025 6.101353417540269 
-21.489185484208498 6.998802617247222 -0.19451751736386003 
19.482741863583442 2.616681418511102 -3.906016229249153 
0.6697923332854494 14.254061464416408 4.921445048943131 

Next Matrix:
Width: 5
Height: 1
-17.862758256229682 26.902355024861052 12.64546597396421 -17.51283253694999 14.795191566820872 

Next Network:

2
Width: 3
Height: 4
-13.951675739895299 16.09184304323401 12.365068339754067 
-21.705933585719375 9.874255187975503 -0.1508000041895461 
14.063104110888425 8.048348578264504 -0.39952364425640474 
1.5679517391956748 13.750421823317678 3.248406010650342 

Next Matrix:
Width: 5
Height: 1
-17.017441671242857 29.240121932180273 16.15937863867482 -21.778103646743467 11.419518862985969 

Next Network:

2
Width: 3
Height: 4
-14.169453237914018 18.21825666400939 9.587532605608791 
-23.687468445093756 8.168682645760411 -0.37018146868840485 
18.261171158949423 2.15615850466925 -5.403266819755874 
-2.5825053183138147 15.273195994938337 0.8010557187761056 

Next Matrix:
Width: 5
Height: 1
-13.989650009029441 25.631133938997788 12.01428987203575 -15.868511873200694 15.70112476114706 

Next Network:

2
Width: 3
Height: 4
-16.538964290418594 20.905279768875616 8.863841687295999 
-23.192522724995317 7.761577491710235 -2.3526329778620374 
19.057507524080638 3.5411518137951266 -4.181039981609304 
-0.45037996181477213 15.420377489861222 3.385663973653856 

Next Matrix:
Width: 5
Height: 1
-18.30029593115008 26.1694723150556 12.498733768478148 -16.68692143111653 14.130755973361378 

Next Network:

2
Width: 3
Height: 4
-15.166332732615283 22.001158117032354 7.030286618463951 
-21.871171294234507 7.800463344123538 -0.961637790072833 
19.52480992173316 2.4626169049006164 -2.9522320472529118 
0.4107489773638495 14.192989649630213 4.104408387020492 

Next Matrix:
Width: 5
Height: 1
-18.23384662749076 26.370971210341075 11.133829413121898 -18.200665062310765 14.218818157724456 

Next Network:

2
Width: 3
Height: 4
-15.31042241785259 21.209449066756484 6.749958874066465 
-22.092475480128606 7.151503120861297 -0.961637790072833 
19.52480992173316 2.5487385182486815 -1.8113868172920555 
1.0308444114884852 13.795446446406658 4.543030793336287 

Next Matrix:
Width: 5
Height: 1
-17.862758256229682 26.239484703178544 12.132674041120563 -17.50738030213258 14.218818157724456 

Next Network:

2
Width: 3
Height: 4
-15.163653897253532 21.131512223863947 8.40807651361426 
-21.913546540910648 6.1907578369142 -2.2676495590425967 
19.544882347937325 3.174547646202077 -3.4858335065168373 
1.8599986475695418 13.304309510445584 4.030576476262796 

Next Matrix:
Width: 5
Height: 1
-17.44980655406228 26.989270993104583 12.818417542454378 -20.098672131197524 14.659683078850923 

Next Network:

2
Width: 3
Height: 4
-13.840121015123287 17.32703164063453 11.684404932844675 
-21.31810513032764 8.900798620591528 0.6198434337207341 
14.127449341181682 8.048348578264504 -0.6646621566937678 
0.9979090713006273 14.716940574505472 3.7711632880892543 

Next Matrix:
Width: 5
Height: 1
-17.602446031217152 29.65220051292166 17.273100574977835 -22.666873998622904 9.724247132977307 

Next Network:

2
Width: 3
Height: 4
-17.585207754590584 18.998985881209958 6.534928151133738 
-22.491001781664927 8.481248449112318 -1.0348861649248786 
19.96009394471745 3.488925322581344 -4.764296625791643 
-1.5674450649156715 14.94828120921621 1.6604470305487928 

Next Matrix:
Width: 5
Height: 1
-17.46323147143911 24.4368398006996 12.586351371888687 -17.219087148584105 14.250956546918683 

Next Network:

2
Width: 3
Height: 4
-14.552743416447004 21.711725379529017 8.29734203164282 
-23.315206621239394 8.18721983371208 -1.6139582644027106 
17.451174482204994 2.353505209851562 -4.5168510182728285 
-2.2506861014932227 15.721917402520681 3.502148172850699 

Next Matrix:
Width: 5
Height: 1
-17.91831043960672 27.128385835674948 11.941126122053612 -14.169584525842293 14.116095068606038 

Next Network:

2
Width: 3
Height: 4
-15.166332732615283 20.66474638335349 6.954304283111922 
-21.264523064581333 7.151503120861297 -1.2018244192755354 
20.48522435079484 2.667617372815777 -1.6624365218634127 
1.1351115029901264 13.130331516893973 4.104408387020492 

Next Matrix:
Width: 5
Height: 1
-18.257446198904066 25.813470313860662 11.214496991883859 -17.573251769453954 14.218818157724456 

Next Network:

2
Width: 3
Height: 4
-15.472252360214185 20.75483189136607 7.922407389225569 
-23.604598716980732 7.693386936972607 -2.5076429812987677 
18.477742300030926 2.0803004378279244 -3.8083939118357346 
-0.6875932775044686 13.612825718850244 2.791807317660794 

Next Matrix:
Width: 5
Height: 1
-18.822627389514246 26.697182682283234 13.339773096772412 -15.085172513725373 14.904836862164762 

Next Network:

2
Width: 3
Height: 4
-12.845553103064422 20.70084956494128 9.222340923347636 
-24.13696476110972 7.676606572333743 -0.5485226631048132 
19.403953412298684 2.3733625072968687 -6.1253956722911616 
-0.05858462101541262 14.61319500253392 4.008884970507443 

Next Matrix:
Width: 5
Height: 1
-15.511921088337868 26.324614754636546 11.702925431100716 -15.756677763195606 15.051711909311996 

Next Network:

2
Width: 3
Height: 4
-14.97977393564069 21.065416374161263 7.030286618463951 
-22.268126328823847 7.268147621857495 -1.3060437010189383 
19.52480992173316 3.3027268634627966 -4.213642694142489 
0.2916351001402917 14.514532086508982 4.14662352864518 

Next Matrix:
Width: 5
Height: 1
-16.914470226580054 26.902355024861052 12.95012570173537 -15.939350533119578 14.218818157724456 

Next Network:

2
Width: 3
Height: 4
-18.59394097903256 19.282907568752186 8.737399143737985 
-23.52947071444448 9.628261829366078 0.0330438966723412 
19.272919800469232 4.149995354138366 -5.864673917179293 
-1.3885104688298593 14.433797020786926 2.1458399107329984 

Next Matrix:
Width: 5
Height: 1
-16.866586699733624 25.75305054796555 12.995965261836705 -15.943822454056756 15.732309181226402 

Next Network:

2
Width: 3
Height: 4
-16.258012622182672 21.045733008922166 9.53552201436819 
-23.192522724995317 7.489864881503205 -1.6358225744749806 
18.745281574437325 3.1947543569095425 -4.9037556400834195 
-1.1980503707406842 15.632075576949934 3.452747802292678 

Next Matrix:
Width: 5
Height: 1
-18.57555468435569 24.532471787707223 12.486539797636116 -16.383595619475493 13.062977017774568 

Next Network:

2
Width: 3
Height: 4
-13.840121015123287 16.63884077383968 11.949076389509067 
-21.705933585719375 8.934734233932545 0.10414569642965854 
14.063104110888425 8.048348578264504 -0.4751921550011049 
1.1481134120815204 14.848664088239065 2.881226107668791 

Next Matrix:
Width: 5
Height: 1
-17.602446031217152 29.240121932180273 15.877060335206226 -21.3965574375202 9.241838123737702 

Next Network:

2
Width: 3
Height: 4
-14.861808218412994 21.462666928365955 8.479519873482566 
-20.708363758367078 7.056412473084501 -0.9149344983741299 
18.398653609805077 5.246980816998625 -3.3750824153150187 
1.1829461378494435 15.31621942008406 4.463975998075118 

Next Matrix:
Width: 5
Height: 1
-19.076340084502732 25.44871984023768 13.666127940844712 -20.880313850068028 14.918361922045435 

Next Network:

2
Width: 3
Height: 4
-14.866396957589311 20.75483189136607 8.897541071205435 
-23.55608690569217 8.910219883243537 -0.9983597666451629 
19.11097771293382 2.2520874090626197 -3.8083939118357346 
-0.8585602076385659 14.09997929209126 2.3678903261911213 

Next Matrix:
Width: 5
Height: 1
-18.026887176307365 26.485072184485638 12.713098906969199 -15.218488534871687 13.921766087798414 

Next Network:

2
Width: 3
Height: 4
-13.936017182035428 20.019830464567647 7.030286618463951 
-20.493319553390645 6.653588454748002 -0.24187539635517052 
19.625730334846686 3.2542482420885968 -3.532056310682827 
1.5490965847909537 14.254061464416408 4.916862900348497 

Next Matrix:
Width: 5
Height: 1
-17.343287878262103 26.12609107576396 12.73105313014587 -17.01799005987998 14.218818157724456 

Next Network:

2
Width: 3
Height: 4
-13.700562689817353 20.095719029408897 6.042823742443112 
-21.86371982480111 6.998802617247222 -1.4501815061542154 
18.86874986331136 2.94759090655958 -3.140351161209102 
0.5582997301219743 13.724360490154593 5.775453605997653 

Next Matrix:
Width: 5
Height: 1
-18.67318085303239 26.205091690990727 12.3340860597893 -17.51283253694999 14.218818157724456 

Next Network:

2
Width: 3
Height: 4
-16.96413143558368 21.62359756379307 5.220676754700467 
-23.234622627045255 6.424999829423602 -1.4183132223942 
18.37837926973661 3.0701816406371654 -4.956603048225419 
0.10107051495140396 12.26543915807636 3.2474853806875723 

Next Matrix:
Width: 5
Height: 1
-16.94576897501709 25.742433779045285 12.885071828461221 -16.62798710650796 14.55700696145557 

Next Network:

2
Width: 3
Height: 4
-16.717728773366765 19.72872115188944 5.220676754700467 
-23.1164831671357 6.689105492222918 -1.788959277515588 
18.44825995472881 2.848238391320268 -5.011586856252608 
-0.022433854708395318 12.790261911193094 3.7399767676646336 

Next Matrix:
Width: 5
Height: 1
-16.793955609854127 25.079595994263013 11.520677994452953 -18.31085519226677 14.074678117112159 

Next Network:

2
Width: 3
Height: 4
-16.270732798024387 15.030496730174663 11.8205934862484 
-22.513544806648984 6.884222648738589 0.010875973948825113 
12.496806970543675 7.90667536990572 -2.222279663445498 
1.8538636084682116 12.569522625116084 3.770815314402185 

Next Matrix:
Width: 5
Height: 1
-15.656593911621238 28.931250640137957 17.646799199128203 -20.23879594920254 8.206849999275942 

Next Network:

2
Width: 3
Height: 4
-15.163653897253532 21.131512223863947 9.305385440916764 
-21.425201278379106 6.60513437111923 -1.8449010855937191 
19.544882347937325 3.174547646202077 -2.654877631775881 
1.5210975522605308 14.363038557376873 3.96454117605869 

Next Matrix:
Width: 5
Height: 1
-17.44980655406228 26.989270993104583 12.190011803063378 -20.69688653816702 14.659683078850923 

Next Network:

2
Width: 3
Height: 4
-16.24330398593738 19.16217314533062 4.749968775664449 
-23.1164831671357 5.864030957861557 -1.3231789136002636 
17.4735104881095 2.0728822051922333 -4.239216744963894 
0.669362287563581 12.260013453731332 3.7982916579087 

Next Matrix:
Width: 5
Height: 1
-16.793955609854127 25.28194183892341 12.382031451648151 -16.960213789977857 14.55700696145557 

Next Network:

2
Width: 3
Height: 4
-16.61694021932034 19.813963331702958 4.323482189204484 
-23.662552786099383 5.855805554902987 -2.6196726666131562 
17.724820154671992 3.157233795350568 -4.671744804404641 
0.058951391098698736 13.181523774984583 3.5698082830026046 

Next Matrix:
Width: 5
Height: 1
-16.793955609854127 25.00994584318149 12.17113886201511 -16.010994198156496 14.117435948342887 

Next Network:

2
Width: 3
Height: 4
-15.80309859993861 20.401287464165144 8.457539066443827 
-21.425201278379106 6.296022630404377 -1.2544858333869706 
19.779770896073924 2.9363221550164362 -3.280282239204906 
0.8687156545648889 13.707355954797759 4.265424934752799 

Next Matrix:
Width: 5
Height: 1
-18.182351430007337 26.989270993104583 13.538337960715982 -19.94912235534064 14.210670089574108 
