2
Width: 3
Height: 4
2.999476572357785 -4.054658480090287 -3.2168948830788313 
-2.0351738004102184 7.814719656049777 4.572193246135038 
-6.659663330661903 6.199564615552618 -2.4795578873751203 
3.0630225489554728 -2.45866677386549 1.9682675335328863 

Next Matrix:
Width: 5
Height: 1
3.2114326114728438 -6.024151430246279 13.33128111162287 3.8642729510370954 -1.763385970474822 

Next Network:

2
Width: 3
Height: 4
2.8819073043974464 -2.6202206804513306 -6.536948287604089 
-4.2370136475946225 7.913431195249984 2.993278237931695 
-9.144219046756305 3.5408283882937206 -3.697766391939383 
3.26802987033126 -2.7357388423423834 1.1380354595258024 

Next Matrix:
Width: 5
Height: 1
1.357463433149932 -5.338888460818723 12.428613269681977 5.778017893853874 -2.9684394261131555 

Next Network:

2
Width: 3
Height: 4
1.5475408269566309 -2.1787421438773764 -0.47428414340250047 
-3.3202969496073163 6.591363268328915 4.056960692869365 
-8.651307851575378 2.573021699893263 -1.6033215649849775 
1.9251047503242773 -1.5169141483471003 4.959568654535242 

Next Matrix:
Width: 5
Height: 1
0.3366610553390772 -4.473738855301814 12.512794218222487 4.957155537399994 -0.9970119037205192 

Next Network:

2
Width: 3
Height: 4
1.9411263691805098 -3.1723668762099146 -3.1593196187560197 
-6.042769882654219 7.327988620786383 3.731312764984046 
-6.9594623187302975 4.180912946648984 -1.7686392743599737 
1.289617096135962 -0.4587068202196172 1.5776760636098621 

Next Matrix:
Width: 5
Height: 1
3.197359890805301 -7.400800782055867 11.932511549530352 6.034504555968912 -1.8117817508941112 

Next Network:

2
Width: 3
Height: 4
2.39650396333401 -2.8742368853764084 -2.007099865888719 
-4.364047355965323 6.544074471040553 3.5611499275252374 
-8.237426671491388 3.300693808110694 -2.0455108622932014 
2.870608794999651 -1.8315256852786292 1.7932741462751556 

Next Matrix:
Width: 5
Height: 1
1.1872406964744109 -4.569061744804645 14.319262718691387 3.0820280291441007 -1.9082546804332252 

Next Network:

2
Width: 3
Height: 4
2.043883942016513 -2.702657076575476 -5.522794033709324 
-3.9037241468813395 7.166455105373837 2.7420844794425436 
-8.255712717657847 4.399285209678233 -2.970242991523767 
3.384237721236369 -2.0306653137375843 -0.02722987401000654 

Next Matrix:
Width: 5
Height: 1
2.870944729493568 -6.057753581157325 12.428613269681977 5.028864981828445 -2.9684394261131555 

Next Network:

2
Width: 3
Height: 4
2.3860562055639463 -2.480498730712503 -4.370437824891069 
-5.834921954877924 7.26386548958607 3.0638460756275823 
-8.527125337707167 4.447030863706203 -2.473714181454098 
1.976891900244638 -1.3453954819711895 1.5088145769856944 

Next Matrix:
Width: 5
Height: 1
2.379893288662103 -6.513606642082517 11.958732257331977 6.706683156621033 -1.8117817508941112 

Next Network:

2
Width: 3
Height: 4
0.3330622862476551 -3.7052479381689363 -1.1825765714038143 
-3.791944552182474 5.403452937627847 2.83544712887663 
-7.046251022124409 4.212514775863643 -1.318259613452656 
1.8435790954511535 -1.8653934275717368 3.901909644578133 

Next Matrix:
Width: 5
Height: 1
0.6746565589908209 -4.32255086270803 12.334925501752831 3.4198303648604993 -2.0342946554109096 

Next Network:

2
Width: 3
Height: 4
2.043883942016513 -2.702657076575476 -5.522794033709324 
-3.9037241468813395 7.166455105373837 2.7420844794425436 
-8.255712717657847 4.524452921075277 -2.970242991523767 
3.384237721236369 -2.0306653137375843 -0.02722987401000654 

Next Matrix:
Width: 5
Height: 1
2.1839944827764946 -6.996657962902435 12.428613269681977 5.090787392089922 -2.611739331197318 

Next Network:

2
Width: 3
Height: 4
2.041625168716584 -4.345276984815554 -2.7963065502363254 
-1.9634869262170465 7.685944241572403 3.773108757997541 
-6.659663330661903 7.593576629700981 -2.4795578873751203 
3.0033549616256394 -1.8730520259179884 2.5315445358981794 

Next Matrix:
Width: 5
Height: 1
2.465133574569882 -5.032780173788314 12.498023961693507 3.819782185901943 -1.763385970474822 

Next Network:

2
Width: 3
Height: 4
2.043883942016513 -3.600283116102109 -5.522794033709324 
-3.9037241468813395 7.166455105373837 2.7420844794425436 
-7.340270245649244 4.399285209678233 -2.6455580785840596 
3.384237721236369 -2.0306653137375843 -0.02722987401000654 

Next Matrix:
Width: 5
Height: 1
2.870944729493568 -6.057753581157325 12.371309941368116 5.028864981828445 -2.013782773640092 

Next Network:

2
Width: 3
Height: 4
-0.335687901966939 -0.9305373313200274 -0.2999232569941026 
-3.4740365733345566 5.116777431607939 4.364821894355858 
-8.581178454189258 3.0884299692648587 -3.3309885390063174 
3.1602592086298844 0.8956800369297759 2.6663674442144027 

Next Matrix:
Width: 5
Height: 1
-0.667313236389353 -2.4484215653401336 13.564138896361742 3.534846252726565 -1.798945111087566 

Next Network:

2
Width: 3
Height: 4
2.043883942016513 -3.600283116102109 -5.522794033709324 
-3.9037241468813395 7.166455105373837 2.7420844794425436 
-7.340270245649244 4.399285209678233 -2.6455580785840596 
3.384237721236369 -2.0306653137375843 -0.02722987401000654 

Next Matrix:
Width: 5
Height: 1
2.870944729493568 -6.057753581157325 12.371309941368116 5.028864981828445 -2.013782773640092 

Next Network:

2
Width: 3
Height: 4
1.7103823391827426 -4.53931325267129 -1.694159530445365 
-3.974886406524214 6.720298700551487 1.1326469096958067 
-8.914096399661279 4.692836272687057 -2.421442403248748 
-0.9969491774208838 -2.213588095189178 0.9950068166487571 

Next Matrix:
Width: 5
Height: 1
0.7058021677410329 -5.186288241829915 13.649888788704942 4.941280538618941 -1.3481615258809017 

Next Network:

2
Width: 3
Height: 4
2.2024488745070867 -1.8936089081638967 -0.47428414340250047 
-4.029538322657577 6.591363268328915 3.2345307961435146 
-7.690909288469053 2.573021699893263 -1.6033215649849775 
2.4063606773018074 -1.5169141483471003 4.959568654535242 

Next Matrix:
Width: 5
Height: 1
0.3366610553390772 -5.101654571580898 12.512794218222487 4.137684909676005 -1.903850189609363 

Next Network:

2
Width: 3
Height: 4
2.2024488745070867 -1.8936089081638967 -0.47428414340250047 
-4.029538322657577 6.591363268328915 3.2345307961435146 
-7.690909288469053 2.573021699893263 -1.6033215649849775 
2.4063606773018074 -1.5169141483471003 4.959568654535242 

Next Matrix:
Width: 5
Height: 1
0.3366610553390772 -5.101654571580898 12.512794218222487 4.137684909676005 -1.903850189609363 

Next Network:

2
Width: 3
Height: 4
2.6140371069271198 -4.593865345958026 -1.6651836835482514 
-3.4930093167786707 6.163392379174429 1.1326469096958067 
-8.77196503691053 4.254634880873132 -2.660248449855925 
-1.301451061344817 -2.035977580801149 0.4180647382982414 

Next Matrix:
Width: 5
Height: 1
0.22713334330703283 -5.260474185015666 14.576980892798078 4.70740031982819 -1.5220343484641459 

Next Network:

2
Width: 3
Height: 4
1.7103823391827426 -4.53931325267129 -1.694159530445365 
-3.974886406524214 6.720298700551487 1.1326469096958067 
-8.914096399661279 4.692836272687057 -2.421442403248748 
-0.9969491774208838 -2.213588095189178 0.9950068166487571 

Next Matrix:
Width: 5
Height: 1
0.7058021677410329 -5.186288241829915 13.649888788704942 4.941280538618941 -1.3481615258809017 

Next Network:

2
Width: 3
Height: 4
3.330605343982988 -2.480498730712503 -4.370437824891069 
-6.5541489728886715 7.26386548958607 3.0638460756275823 
-9.309328397606798 4.447030863706203 -3.2450041183457543 
1.1052651255584092 -0.42421224863375917 1.5088145769856944 

Next Matrix:
Width: 5
Height: 1
1.4162243471953508 -6.513606642082517 12.588721507294423 6.706683156621033 -1.8117817508941112 

Next Network:

2
Width: 3
Height: 4
2.5640235363315362 -0.5095359306166236 -2.065368597745987 
-4.018466559342735 5.578760708172267 3.201394227099448 
-9.233141302880455 3.300693808110694 -2.0455108622932014 
3.3938944596481093 -1.8315256852786292 1.5795785414386605 

Next Matrix:
Width: 5
Height: 1
1.475543192594348 -5.239640520864057 15.302846024139612 3.0820280291441007 -1.6388236848104893 

Next Network:

2
Width: 3
Height: 4
2.2024488745070867 -1.8936089081638967 -0.47428414340250047 
-3.096718090109488 6.591363268328915 3.770508222318468 
-7.690909288469053 2.8219903790144496 -0.9334039027507361 
2.731760405021809 -1.3491128833686643 4.416791386554085 

Next Matrix:
Width: 5
Height: 1
0.3366610553390772 -5.101654571580898 13.10825600395299 5.074284990812186 -0.7348258752771655 

Next Network:

2
Width: 3
Height: 4
0.28006150743568536 -4.505801118782696 -1.1825765714038143 
-3.3265919144803293 7.113995788224966 2.83544712887663 
-7.690909288469053 4.033623317847068 -2.1838615881925363 
1.178443620571512 -1.94102677869074 3.6084732394357077 

Next Matrix:
Width: 5
Height: 1
1.6105447027228932 -4.32255086270803 12.04269239071755 3.4198303648604993 -2.4620931963719657 

Next Network:

2
Width: 3
Height: 4
2.043883942016513 -3.1812910291372463 -4.530423737987535 
-4.668020813189227 9.07906252212307 2.5713969694189043 
-7.3887721966184134 4.399285209678233 -2.982955690174144 
3.642110169331998 -1.4208625022361683 -0.8714322104243821 

Next Matrix:
Width: 5
Height: 1
2.247680893912732 -6.140527620942166 13.078381035319229 5.133846773541735 -2.2352088252781126 

Next Network:

2
Width: 3
Height: 4
3.376315653506162 -2.1645000143513924 -2.065368597745987 
-4.364047355965323 6.544074471040553 3.5611499275252374 
-8.237426671491388 3.300693808110694 -2.0455108622932014 
3.3938944596481093 -1.8315256852786292 1.7932741462751556 

Next Matrix:
Width: 5
Height: 1
1.475543192594348 -5.239640520864057 15.302846024139612 3.0820280291441007 -1.4012130794588924 

Next Network:

2
Width: 3
Height: 4
2.8819073043974464 -3.219005967766641 -6.694859572564138 
-4.913209581812672 7.913431195249984 2.993278237931695 
-8.73109536810495 4.399285209678233 -3.697766391939383 
3.0837014905906672 -2.7357388423423834 1.1380354595258024 

Next Matrix:
Width: 5
Height: 1
2.1007305292535534 -5.338888460818723 12.428613269681977 5.778017893853874 -2.9684394261131555 

Next Network:

2
Width: 3
Height: 4
0.07970070407840701 -3.6188229912191225 -1.1825765714038143 
-3.9644089318732636 6.3463533280627695 2.83544712887663 
-7.690909288469053 4.357272253552025 -2.1838615881925363 
1.178443620571512 -1.94102677869074 3.6084732394357077 

Next Matrix:
Width: 5
Height: 1
1.2516633523375698 -4.32255086270803 11.703886434128707 3.4198303648604993 -2.4620931963719657 

Next Network:

2
Width: 3
Height: 4
2.043883942016513 -2.702657076575476 -5.522794033709324 
-3.9037241468813395 7.166455105373837 2.7420844794425436 
-8.255712717657847 4.524452921075277 -2.970242991523767 
3.384237721236369 -2.0306653137375843 -0.02722987401000654 

Next Matrix:
Width: 5
Height: 1
2.1839944827764946 -6.996657962902435 12.428613269681977 5.090787392089922 -2.611739331197318 

Next Network:

2
Width: 3
Height: 4
2.043883942016513 -3.1812910291372463 -4.530423737987535 
-4.821734062440641 8.064314713070559 3.255370312231827 
-7.3887721966184134 4.608478203680599 -2.982955690174144 
3.642110169331998 -1.4208625022361683 -0.2833154128623905 

Next Matrix:
Width: 5
Height: 1
2.247680893912732 -5.50167436364126 13.562843871195247 5.133846773541735 -1.5493144777613999 

Next Network:

2
Width: 3
Height: 4
0.3330622862476551 -3.7052479381689363 -1.1825765714038143 
-3.791944552182474 5.403452937627847 2.83544712887663 
-7.046251022124409 4.212514775863643 -1.318259613452656 
1.8435790954511535 -1.8653934275717368 3.901909644578133 

Next Matrix:
Width: 5
Height: 1
0.6746565589908209 -4.32255086270803 12.334925501752831 3.4198303648604993 -2.0342946554109096 

Next Network:

2
Width: 3
Height: 4
4.247897677883355 -2.1323065666095746 -1.3643255392914135 
-4.004925429912238 6.544074471040553 4.044707334698807 
-8.833705618302282 3.6056024940522278 -2.0455108622932014 
3.404815902688195 -1.8315256852786292 2.3702069759353543 

Next Matrix:
Width: 5
Height: 1
0.6799909530252297 -5.239640520864057 15.302846024139612 2.842253685973935 -1.4012130794588924 

Next Network:

2
Width: 3
Height: 4
2.2024488745070867 -1.8936089081638967 -0.47428414340250047 
-4.029538322657577 6.591363268328915 3.2345307961435146 
-7.690909288469053 2.573021699893263 -1.6033215649849775 
2.4063606773018074 -1.5169141483471003 4.959568654535242 

Next Matrix:
Width: 5
Height: 1
0.3366610553390772 -5.101654571580898 12.512794218222487 4.137684909676005 -1.903850189609363 

Next Network:

2
Width: 3
Height: 4
2.5640235363315362 -1.4552394033873817 -1.1825765714038143 
-4.018466559342735 6.476219413976784 2.83544712887663 
-8.237426671491388 2.433678048875776 -2.492855261662636 
3.373676479796115 -1.8315256852786292 2.030709087271503 

Next Matrix:
Width: 5
Height: 1
0.5769818285657544 -4.492911802818192 14.715840127477914 3.0820280291441007 -1.6388236848104893 

Next Network:

2
Width: 3
Height: 4
0.057101638518498365 -3.8948882843707313 -1.9803538911684828 
-4.976183068815889 2.517522083666102 3.0570736900982824 
-9.044434830369692 4.772885080842782 -4.125004016887014 
-0.6144871965257228 -0.30790699664122423 1.3609815237848777 

Next Matrix:
Width: 5
Height: 1
-0.8121558413833871 -4.237776956928345 13.05330708349719 2.9999685395258666 0.6177470486916932 

Next Network:

2
Width: 3
Height: 4
0.28006150743568536 -4.505801118782696 -1.1825765714038143 
-3.3265919144803293 7.113995788224966 2.83544712887663 
-7.690909288469053 4.033623317847068 -2.1838615881925363 
1.178443620571512 -1.94102677869074 3.6084732394357077 

Next Matrix:
Width: 5
Height: 1
1.6105447027228932 -4.32255086270803 12.04269239071755 3.4198303648604993 -2.4620931963719657 

Next Network:

2
Width: 3
Height: 4
2.041625168716584 -4.345276984815554 -2.315631642854603 
-2.5058660752776434 7.814719656049777 3.773108757997541 
-6.659663330661903 7.118980072795373 -2.4795578873751203 
3.0033549616256394 -2.45866677386549 2.090598980189755 

Next Matrix:
Width: 5
Height: 1
2.465133574569882 -6.024151430246279 12.498023961693507 3.819782185901943 -1.763385970474822 

Next Network:

2
Width: 3
Height: 4
0.9008985560462894 -3.8948882843707313 -1.9803538911684828 
-4.861638159962593 2.517522083666102 3.0570736900982824 
-8.66109942989278 4.772885080842782 -4.125004016887014 
-0.006914666344462139 -0.4004035590500794 0.6548495412166067 

Next Matrix:
Width: 5
Height: 1
-0.8121558413833871 -4.237776956928345 12.440826045719016 2.9999685395258666 0.39930826680205 

Next Network:

2
Width: 3
Height: 4
2.043883942016513 -3.1812910291372463 -4.530423737987535 
-4.4564507286318165 8.475403533019652 2.5713969694189043 
-7.3887721966184134 4.399285209678233 -2.982955690174144 
3.642110169331998 -1.4208625022361683 -0.2833154128623905 

Next Matrix:
Width: 5
Height: 1
2.247680893912732 -5.50167436364126 13.078381035319229 5.133846773541735 -2.2352088252781126 

Next Network:

2
Width: 3
Height: 4
3.104657312477487 -2.514625574569288 -4.370437824891069 
-5.834921954877924 7.26386548958607 3.4604206847063534 
-8.527125337707167 5.341882539542189 -1.5209852493519564 
2.944524315013112 -1.6840731232313082 1.5088145769856944 

Next Matrix:
Width: 5
Height: 1
2.379893288662103 -7.068464599512401 11.100311247902608 6.706683156621033 -1.8117817508941112 

Next Network:

2
Width: 3
Height: 4
2.8614911332695376 -1.9115761287917874 -3.962730701473025 
-5.467300785368268 5.916147873513258 2.826123060031728 
-8.128145555754253 4.3029019237820325 -2.6996011382779814 
2.551798467212584 -1.6489989220110013 -1.2780397666851226 

Next Matrix:
Width: 5
Height: 1
-0.06831841630177204 -7.287053269694603 12.715486683759309 5.98575223934452 -2.527493875064203 

Next Network:

2
Width: 3
Height: 4
3.8783246833943337 -2.4025454440768117 -3.2168948830788313 
-2.0351738004102184 7.923330560572462 5.170744078706228 
-7.010502002272531 5.512009998394744 -1.7949169256793929 
3.511060168176242 -3.022505267202564 2.0203367660368574 

Next Matrix:
Width: 5
Height: 1
3.7270250119669264 -6.024151430246279 13.957247917470475 3.730151826603962 -1.763385970474822 

Next Network:

2
Width: 3
Height: 4
2.043883942016513 -2.702657076575476 -5.522794033709324 
-4.24028334553381 7.913431195249984 2.7420844794425436 
-8.255712717657847 4.399285209678233 -3.2106393362867736 
3.379694154076489 -2.0306653137375843 -0.02722987401000654 

Next Matrix:
Width: 5
Height: 1
2.870944729493568 -6.057753581157325 12.428613269681977 5.778017893853874 -2.9684394261131555 

Next Network:

2
Width: 3
Height: 4
2.2024488745070867 -1.8936089081638967 -0.47428414340250047 
-4.029538322657577 6.591363268328915 3.2345307961435146 
-7.690909288469053 2.573021699893263 -1.6033215649849775 
2.4063606773018074 -1.5169141483471003 4.959568654535242 

Next Matrix:
Width: 5
Height: 1
0.3366610553390772 -5.101654571580898 12.512794218222487 4.137684909676005 -1.903850189609363 

Next Network:

2
Width: 3
Height: 4
2.8614911332695376 -1.9115761287917874 -3.962730701473025 
-5.467300785368268 5.916147873513258 2.826123060031728 
-8.128145555754253 4.3029019237820325 -2.6996011382779814 
2.551798467212584 -1.6489989220110013 -1.2780397666851226 

Next Matrix:
Width: 5
Height: 1
-0.06831841630177204 -7.287053269694603 12.715486683759309 5.98575223934452 -2.527493875064203 

Next Network:

2
Width: 3
Height: 4
2.043883942016513 -2.702657076575476 -5.522794033709324 
-4.24028334553381 7.913431195249984 2.7420844794425436 
-8.255712717657847 4.399285209678233 -3.2106393362867736 
3.379694154076489 -2.0306653137375843 -0.02722987401000654 

Next Matrix:
Width: 5
Height: 1
2.870944729493568 -6.057753581157325 12.428613269681977 5.778017893853874 -2.9684394261131555 

Next Network:

2
Width: 3
Height: 4
2.999476572357785 -4.054658480090287 -3.2168948830788313 
-2.0351738004102184 7.814719656049777 4.572193246135038 
-6.659663330661903 6.199564615552618 -2.4795578873751203 
3.0630225489554728 -2.45866677386549 1.9682675335328863 

Next Matrix:
Width: 5
Height: 1
3.2114326114728438 -6.024151430246279 13.33128111162287 3.8642729510370954 -1.763385970474822 

Next Network:

2
Width: 3
Height: 4
1.5710415129881534 -3.103214967474178 -1.081216727613778 
-3.1256041303407223 6.34237229799532 2.83544712887663 
-8.620812731449615 3.133317223713685 -1.563174844331776 
2.1404218615085626 -1.500170114827514 3.6862022003399604 

Next Matrix:
Width: 5
Height: 1
-0.36545640514182165 -6.115561399458083 12.789305639910143 4.609174351780679 -2.8720656315055377 

Next Network:

2
Width: 3
Height: 4
2.2024488745070867 -1.8936089081638967 -0.47428414340250047 
-3.096718090109488 6.591363268328915 3.770508222318468 
-7.690909288469053 2.8219903790144496 -0.9334039027507361 
2.731760405021809 -1.3491128833686643 4.416791386554085 

Next Matrix:
Width: 5
Height: 1
0.3366610553390772 -5.101654571580898 13.10825600395299 5.074284990812186 -0.7348258752771655 

Next Network:

2
Width: 3
Height: 4
2.043883942016513 -3.1812910291372463 -4.530423737987535 
-4.4564507286318165 8.475403533019652 2.5713969694189043 
-7.3887721966184134 4.399285209678233 -2.982955690174144 
3.642110169331998 -1.4208625022361683 -0.2833154128623905 

Next Matrix:
Width: 5
Height: 1
2.247680893912732 -5.50167436364126 13.078381035319229 5.133846773541735 -2.2352088252781126 

Next Network:

2
Width: 3
Height: 4
2.5088819697098206 -2.9626733736537716 -3.1253986577156407 
-2.7411160451613874 7.423854653931935 3.4741168312323625 
-5.302175130799476 3.387283717197337 -2.8524746688281875 
3.7485767895225255 -1.5374497895103876 0.7313415036276651 

Next Matrix:
Width: 5
Height: 1
3.0275582909140253 -5.298974242181101 12.40237580253716 4.862260281976153 -2.2195393501870866 

Next Network:

2
Width: 3
Height: 4
0.5216524065184738 -4.642905127820239 -1.0040816678611555 
-3.2296624301464414 7.047457627065088 2.83544712887663 
-7.304783323683493 4.375500321129509 -2.0508620703075016 
1.9671872430219977 -1.7807303375342343 3.860464100931472 

Next Matrix:
Width: 5
Height: 1
0.9182120124779618 -4.199810600424523 12.331151586927565 3.523793607616347 -1.1950918757189632 

Next Network:

2
Width: 3
Height: 4
2.999476572357785 -4.054658480090287 -3.9386556861674524 
-2.0351738004102184 7.814719656049777 4.572193246135038 
-6.006508892433507 6.199564615552618 -2.2003481485832195 
3.0630225489554728 -2.692112439952093 1.9163339163441238 

Next Matrix:
Width: 5
Height: 1
3.2114326114728438 -6.155947686165369 12.824133891359256 3.8642729510370954 -1.714416692435565 

Next Network:

2
Width: 3
Height: 4
2.8819073043974464 -2.6202206804513306 -6.536948287604089 
-4.2370136475946225 7.913431195249984 2.993278237931695 
-9.144219046756305 3.428260401896207 -3.1659217498114067 
3.26802987033126 -2.9546108485936635 1.1380354595258024 

Next Matrix:
Width: 5
Height: 1
1.357463433149932 -5.338888460818723 12.893565955608853 5.3109900110931605 -2.9684394261131555 

Next Network:

2
Width: 3
Height: 4
1.3418314170021728 -2.2134103171791106 -0.47428414340250047 
-3.3202969496073163 6.591363268328915 5.028956152775215 
-8.651307851575378 2.1734680696117623 -0.6189961823904748 
1.9251047503242773 -1.5169141483471003 5.7267164654224585 

Next Matrix:
Width: 5
Height: 1
0.3366610553390772 -4.862910809236011 12.335920889093028 4.957155537399994 -1.0861843245308043 

Next Network:

2
Width: 3
Height: 4
1.9954325994337168 -3.1723668762099146 -3.1593196187560197 
-6.042769882654219 7.327988620786383 3.731312764984046 
-7.932385189387234 4.180912946648984 -1.7686392743599737 
0.3663899130686328 -0.4587068202196172 1.5776760636098621 

Next Matrix:
Width: 5
Height: 1
3.197359890805301 -7.196618826617952 11.932511549530352 6.034504555968912 -1.8117817508941112 

Next Network:

2
Width: 3
Height: 4
2.39650396333401 -2.8742368853764084 -1.967442931439837 
-4.364047355965323 6.544074471040553 3.5611499275252374 
-8.237426671491388 3.300693808110694 -2.0455108622932014 
2.870608794999651 -1.8315256852786292 1.7932741462751556 

Next Matrix:
Width: 5
Height: 1
1.1872406964744109 -3.9938790736656067 13.66621845201092 3.0820280291441007 -2.2618541964753716 

Next Network:

2
Width: 3
Height: 4
2.043883942016513 -2.702657076575476 -5.508534032135218 
-3.9037241468813395 8.073546170832795 2.7420844794425436 
-8.255712717657847 4.771687385851858 -2.970242991523767 
3.9183412927296866 -2.0306653137375843 -0.02722987401000654 

Next Matrix:
Width: 5
Height: 1
3.3494040963689997 -6.057753581157325 11.703676128609567 5.028864981828445 -2.9684394261131555 

Next Network:

2
Width: 3
Height: 4
2.3860562055639463 -2.9950183325468114 -4.370437824891069 
-5.480593050963624 6.741431322240294 3.0638460756275823 
-8.767024774756042 4.447030863706203 -2.473714181454098 
1.976891900244638 -1.3453954819711895 1.5088145769856944 

Next Matrix:
Width: 5
Height: 1
2.379893288662103 -7.121768374121455 12.773710327364977 6.706683156621033 -1.8117817508941112 

Next Network:

2
Width: 3
Height: 4
0.3330622862476551 -3.7052479381689363 -0.2791375691966793 
-3.791944552182474 5.403452937627847 2.83544712887663 
-7.046251022124409 4.212514775863643 -0.35506064797810777 
1.8435790954511535 -1.8653934275717368 3.901909644578133 

Next Matrix:
Width: 5
Height: 1
1.4406485924600465 -4.03818455782331 12.334925501752831 3.4198303648604993 -2.0342946554109096 

Next Network:

2
Width: 3
Height: 4
2.734059442116652 -2.702657076575476 -5.522794033709324 
-3.9037241468813395 7.166455105373837 2.7420844794425436 
-8.34715283326608 4.524452921075277 -3.7984920638760595 
3.384237721236369 -1.6893014558360917 0.34447287565696794 

Next Matrix:
Width: 5
Height: 1
2.1839944827764946 -6.996657962902435 12.473282007252385 4.950393997888779 -2.1998781594209627 

Next Network:

2
Width: 3
Height: 4
2.041625168716584 -4.345276984815554 -2.7963065502363254 
-1.8559718369136122 7.685944241572403 3.773108757997541 
-6.659663330661903 7.593576629700981 -2.6315248435591347 
3.0033549616256394 -1.8730520259179884 2.516461168497359 

Next Matrix:
Width: 5
Height: 1
2.465133574569882 -4.111491475307435 12.498023961693507 3.819782185901943 -2.2391978204483465 

Next Network:

2
Width: 3
Height: 4
1.550128463590527 -3.600283116102109 -5.522794033709324 
-3.9037241468813395 6.254168910493295 2.1759629898064405 
-6.604021196729522 4.900533618582257 -2.6455580785840596 
3.384237721236369 -2.0306653137375843 -0.02722987401000654 

Next Matrix:
Width: 5
Height: 1
2.870944729493568 -6.057753581157325 12.371309941368116 5.476789682250228 -1.161499379143446 

Next Network:

2
Width: 3
Height: 4
-0.7036552897516541 -0.9305373313200274 -0.7597477749742054 
-3.1445588969134164 5.116777431607939 5.025113941339498 
-8.581178454189258 3.0884299692648587 -3.3309885390063174 
3.1602592086298844 0.8956800369297759 2.6663674442144027 

Next Matrix:
Width: 5
Height: 1
-0.6270210272434074 -1.5002863557477493 13.564138896361742 3.534846252726565 -1.798945111087566 

Next Network:

2
Width: 3
Height: 4
1.651894610182539 -3.600283116102109 -6.309525914500705 
-3.116289742120978 6.881290537103353 2.7420844794425436 
-7.340270245649244 4.399285209678233 -2.6455580785840596 
2.800131634858071 -2.98771563622964 -0.16206647703307575 

Next Matrix:
Width: 5
Height: 1
2.870944729493568 -5.787433806298166 13.349103860242218 5.699248824990027 -1.1874083676532805 

Next Network:

2
Width: 3
Height: 4
1.7103823391827426 -4.53931325267129 -1.694159530445365 
-3.775102609444202 6.664126106756488 1.1326469096958067 
-9.1782581448109 4.692836272687057 -2.421442403248748 
-0.9969491774208838 -2.213588095189178 0.9950068166487571 

Next Matrix:
Width: 5
Height: 1
1.0392292983160254 -5.186288241829915 14.52733159152263 4.941280538618941 -1.3481615258809017 

Next Network:

2
Width: 3
Height: 4
2.6090241408965653 -1.8936089081638967 -1.346429681967899 
-4.029538322657577 6.591363268328915 3.2345307961435146 
-7.690909288469053 2.573021699893263 -1.6033215649849775 
3.278179824633699 -1.5169141483471003 4.860601228927681 

Next Matrix:
Width: 5
Height: 1
0.3366610553390772 -5.101654571580898 12.512794218222487 4.37089234367166 -2.7246874173680418 

Next Network:

2
Width: 3
Height: 4
3.186128005055716 -1.1943489941625776 0.27595691325548155 
-3.9125610154236985 6.591363268328915 3.2345307961435146 
-7.555352319955546 3.347847920343499 -1.598036390569639 
2.806591846526681 -1.5169141483471003 4.263089165971916 

Next Matrix:
Width: 5
Height: 1
0.5449468236855084 -5.198468595255007 12.14969015898467 4.137684909676005 -2.21595667167293 

Next Network:

2
Width: 3
Height: 4
2.6140371069271198 -4.593865345958026 -1.6651836835482514 
-3.4930093167786707 6.163392379174429 1.1326469096958067 
-8.77196503691053 4.254634880873132 -2.660248449855925 
-1.1121451194698497 -2.035977580801149 0.4180647382982414 

Next Matrix:
Width: 5
Height: 1
0.22713334330703283 -5.260474185015666 14.576980892798078 4.71780862163792 -1.5220343484641459 

Next Network:

2
Width: 3
Height: 4
2.2251237048635386 -3.9720699200226868 -1.9457241860570578 
-3.2127227292578215 6.720298700551487 1.1326469096958067 
-8.914096399661279 4.692836272687057 -2.421442403248748 
-0.5226682553850373 -2.213588095189178 0.7325036681738348 

Next Matrix:
Width: 5
Height: 1
-0.2012061615438654 -4.644798926058461 13.649888788704942 4.630282972969125 -1.2332822183634164 

Next Network:

2
Width: 3
Height: 4
3.330605343982988 -2.480498730712503 -4.370437824891069 
-6.706928943964273 7.26386548958607 3.0638460756275823 
-9.309328397606798 4.837465200513455 -2.9202303261120077 
0.34369414488566674 -0.4785725677907391 1.6475746773105888 

Next Matrix:
Width: 5
Height: 1
1.4162243471953508 -6.813497851016525 12.607388048383935 6.556340884302575 -1.656188123554824 

Next Network:

2
Width: 3
Height: 4
3.111757149828992 -0.5095359306166236 -2.275184934889393 
-4.018466559342735 5.578760708172267 3.201394227099448 
-8.504977523589595 3.300693808110694 -2.0455108622932014 
2.484733007480708 -1.8315256852786292 1.5795785414386605 

Next Matrix:
Width: 5
Height: 1
1.6802885950373234 -5.239640520864057 15.302846024139612 3.0820280291441007 -2.1071391473013548 

Next Network:

2
Width: 3
Height: 4
2.2024488745070867 -1.8936089081638967 -0.47428414340250047 
-3.096718090109488 6.591363268328915 3.770508222318468 
-7.690909288469053 2.8219903790144496 -0.11916634766374656 
2.731760405021809 -1.3504882312253215 4.021471255165007 

Next Matrix:
Width: 5
Height: 1
0.3366610553390772 -5.101654571580898 13.10825600395299 4.6669006601241545 -1.3819970775371142 

Next Network:

2
Width: 3
Height: 4
0.28006150743568536 -4.505801118782696 -1.1825765714038143 
-3.3265919144803293 6.374999456762836 3.3263735668223227 
-8.49412019580304 4.913698762356071 -1.9771219866383138 
1.178443620571512 -1.387732100193289 3.6084732394357077 

Next Matrix:
Width: 5
Height: 1
1.6105447027228932 -4.32255086270803 12.04269239071755 4.2277851790217404 -2.4620931963719657 

Next Network:

2
Width: 3
Height: 4
1.8419126179627532 -3.1812910291372463 -4.530423737987535 
-4.668020813189227 8.368356671732798 2.5713969694189043 
-7.037473096056022 4.563945116608533 -2.982955690174144 
3.642110169331998 -1.2973156016736822 0.07023567908534867 

Next Matrix:
Width: 5
Height: 1
1.7235661369760087 -5.225128755934889 14.075837371314789 5.586122643788195 -2.8472389500396718 

Next Network:

2
Width: 3
Height: 4
3.2568884796085813 -2.1645000143513924 -2.065368597745987 
-4.3995936526879005 5.89416180681776 3.5611499275252374 
-8.237426671491388 3.2475042118898387 -1.3889553880911514 
2.8189379255045086 -1.8315256852786292 1.7932741462751556 

Next Matrix:
Width: 5
Height: 1
1.475543192594348 -4.988681829015862 15.302846024139612 3.218280296446687 -1.4012130794588924 

Next Network:

2
Width: 3
Height: 4
2.8819073043974464 -3.5861309028119783 -6.694859572564138 
-4.913209581812672 7.913431195249984 2.1246338707212717 
-8.73109536810495 4.399285209678233 -3.697766391939383 
3.0837014905906672 -2.7357388423423834 1.2313372621782617 

Next Matrix:
Width: 5
Height: 1
2.1007305292535534 -5.338888460818723 12.428613269681977 5.778017893853874 -2.9684394261131555 

Next Network:

2
Width: 3
Height: 4
0.07970070407840701 -3.6188229912191225 -1.2421624926827235 
-3.9644089318732636 6.716984650353894 2.83544712887663 
-7.950476424029843 4.357272253552025 -2.1838615881925363 
1.178443620571512 -1.94102677869074 3.6084732394357077 

Next Matrix:
Width: 5
Height: 1
0.61364384317994 -4.32255086270803 11.703886434128707 3.3598386739849566 -2.4620931963719657 

Next Network:

2
Width: 3
Height: 4
2.043883942016513 -2.702657076575476 -5.522794033709324 
-3.9037241468813395 7.166455105373837 2.7420844794425436 
-7.465237866857501 4.524452921075277 -2.970242991523767 
3.384237721236369 -2.721461581832691 -0.02722987401000654 

Next Matrix:
Width: 5
Height: 1
2.1839944827764946 -6.996657962902435 12.428613269681977 5.090787392089922 -2.611739331197318 

Next Network:

2
Width: 3
Height: 4
2.043883942016513 -3.1812910291372463 -4.530423737987535 
-5.015328489685561 7.374824160387627 3.255370312231827 
-6.446827343133153 4.608478203680599 -3.886661361304801 
3.359070312692272 -1.4208625022361683 -0.6404586679761437 

Next Matrix:
Width: 5
Height: 1
2.247680893912732 -5.47050259494776 13.562843871195247 5.133846773541735 -1.5493144777613999 

Next Network:

2
Width: 3
Height: 4
0.3330622862476551 -3.7052479381689363 -0.24082033381491175 
-3.791944552182474 5.403452937627847 3.6468149834468577 
-7.10705560397358 4.212514775863643 -0.8950905685819253 
1.8435790954511535 -2.558390768689348 4.151910799486957 

Next Matrix:
Width: 5
Height: 1
-0.2661899684159592 -4.32255086270803 13.319715655214043 3.4198303648604993 -2.0342946554109096 

Next Network:

2
Width: 3
Height: 4
4.247897677883355 -1.2483085649932082 -1.3643255392914135 
-3.5583927892359988 6.544074471040553 3.391297921371826 
-8.833705618302282 3.6056024940522278 -2.7306905634321197 
3.404815902688195 -1.8315256852786292 2.473959486167278 

Next Matrix:
Width: 5
Height: 1
0.6799909530252297 -5.756800545312997 15.184277837116602 3.1932854975965412 -0.7781137951032746 

Next Network:

2
Width: 3
Height: 4
2.2024488745070867 -1.836798730724032 -0.47428414340250047 
-4.029538322657577 5.630796100860897 3.2345307961435146 
-7.690909288469053 2.573021699893263 -1.6033215649849775 
2.4063606773018074 -1.9126174600575143 4.959568654535242 

Next Matrix:
Width: 5
Height: 1
0.3366610553390772 -5.101654571580898 12.512794218222487 4.137684909676005 -2.06899661046525 

Next Network:

2
Width: 3
Height: 4
2.316981773434609 -2.280726704101858 -1.1825765714038143 
-3.8549791517899274 6.476219413976784 2.83544712887663 
-8.237426671491388 2.433678048875776 -2.492855261662636 
3.373676479796115 -1.8315256852786292 1.833951906102819 

Next Matrix:
Width: 5
Height: 1
1.4200280483890306 -4.492911802818192 14.609476221476523 2.921026501470868 -1.3477546904720055 

Next Network:

2
Width: 3
Height: 4
0.057101638518498365 -3.8948882843707313 -1.9803538911684828 
-5.22641878616697 3.5083975320535536 3.8295333478553797 
-9.044434830369692 4.772885080842782 -4.517164858353943 
-0.6144871965257228 -0.30790699664122423 1.3609815237848777 

Next Matrix:
Width: 5
Height: 1
-0.8121558413833871 -4.532153167565142 13.05330708349719 2.9999685395258666 0.6177470486916932 

Next Network:

2
Width: 3
Height: 4
0.28006150743568536 -4.505801118782696 -1.1825765714038143 
-3.3265919144803293 7.113995788224966 2.83544712887663 
-7.690909288469053 4.68130138408798 -2.1838615881925363 
1.6211667774750826 -1.4060249730727115 3.6084732394357077 

Next Matrix:
Width: 5
Height: 1
1.6105447027228932 -3.5620739818481875 12.04269239071755 3.4198303648604993 -2.4620931963719657 

Next Network:

2
Width: 3
Height: 4
1.9630849337206915 -4.835483156873782 -2.315631642854603 
-2.5058660752776434 6.880613044921914 3.773108757997541 
-6.659663330661903 7.118980072795373 -2.4795578873751203 
3.377074369091353 -1.7437346261317037 2.090598980189755 

Next Matrix:
Width: 5
Height: 1
2.465133574569882 -6.024151430246279 12.498023961693507 4.647095200821007 -2.0729277399912776 

Next Network:

2
Width: 3
Height: 4
1.1639217839420486 -3.889813729344808 -1.3231292873435059 
-5.601978917016284 2.166384611338651 3.0570736900982824 
-8.66109942989278 4.772885080842782 -4.125004016887014 
-0.4840029253752982 0.4996251941747536 0.6548495412166067 

Next Matrix:
Width: 5
Height: 1
-1.3215676431574013 -3.565932017209822 13.287822267496296 2.9999685395258666 0.39930826680205 

Next Network:

2
Width: 3
Height: 4
2.043883942016513 -3.1812910291372463 -4.06250910415294 
-4.4564507286318165 8.521365649156564 2.207891797283457 
-7.3887721966184134 4.399285209678233 -2.392532652267918 
3.642110169331998 -1.4208625022361683 -0.2833154128623905 

Next Matrix:
Width: 5
Height: 1
2.247680893912732 -5.50167436364126 13.681879570943645 5.133846773541735 -2.771615656561174 

Next Network:

2
Width: 3
Height: 4
2.6192505683215517 -2.514625574569288 -4.037235346138905 
-5.834921954877924 7.26386548958607 3.4604206847063534 
-8.527125337707167 5.341882539542189 -1.5209852493519564 
3.7992482662547395 -1.6840731232313082 2.3672349783028563 

Next Matrix:
Width: 5
Height: 1
3.0609263211229223 -7.068464599512401 11.737805285469692 7.448363651879367 -1.6875516738223388 

Next Network:

2
Width: 3
Height: 4
2.8614911332695376 -1.6049873239733778 -3.962730701473025 
-5.467300785368268 5.916147873513258 2.826123060031728 
-8.128145555754253 4.3029019237820325 -2.6996011382779814 
2.551798467212584 -1.0001669807297195 -1.7196929399531278 

Next Matrix:
Width: 5
Height: 1
-0.06831841630177204 -7.287053269694603 12.009929398295805 5.0606155114156435 -1.9803163778608026 

Next Network:

2
Width: 3
Height: 4
3.8783246833943337 -2.4025454440768117 -3.2168948830788313 
-1.6091651114711527 7.923330560572462 5.839258307032926 
-7.859254250613484 5.512009998394744 -1.8570369119136327 
4.313778038679741 -2.4733214839469424 2.0203367660368574 

Next Matrix:
Width: 5
Height: 1
3.7270250119669264 -6.440449232813309 13.957247917470475 2.852888157183333 -1.763385970474822 

Next Network:

2
Width: 3
Height: 4
2.043883942016513 -2.746348931226798 -6.458976999339239 
-3.7578990597649207 7.913431195249984 3.1540134698764613 
-8.255712717657847 4.399285209678233 -2.543709446031281 
2.6580838142026595 -2.0306653137375843 -0.02722987401000654 

Next Matrix:
Width: 5
Height: 1
1.9607916424438037 -7.024538469493595 12.428613269681977 5.778017893853874 -2.9684394261131555 

Next Network:

2
Width: 3
Height: 4
2.911920948071451 -1.8936089081638967 -1.2021951752888087 
-4.530431254675941 6.202480888907104 3.2345307961435146 
-8.255323768279828 2.573021699893263 -1.0229535348168026 
2.4063606773018074 -1.5169141483471003 4.566358847406576 

Next Matrix:
Width: 5
Height: 1
0.3366610553390772 -5.101654571580898 12.482219146208433 4.274023462649247 -1.903850189609363 

Next Network:

2
Width: 3
Height: 4
3.290457827693994 -1.9115761287917874 -3.962730701473025 
-6.08965512685452 6.204982540625679 2.826123060031728 
-8.036487092415717 5.296922966193844 -2.6996011382779814 
2.551798467212584 -1.6489989220110013 -1.2780397666851226 

Next Matrix:
Width: 5
Height: 1
-0.06831841630177204 -6.397080654238639 12.55847890676466 5.98575223934452 -2.527493875064203 

Next Network:

2
Width: 3
Height: 4
1.9150291363441307 -3.022834146444504 -5.522794033709324 
-4.24028334553381 7.913431195249984 2.102954944227286 
-8.255712717657847 4.399285209678233 -3.2106393362867736 
3.379694154076489 -2.0306653137375843 0.8852318934462644 

Next Matrix:
Width: 5
Height: 1
2.870944729493568 -5.180078554205408 11.926407019973654 5.778017893853874 -2.9684394261131555 

Next Network:

2
Width: 3
Height: 4
3.213935722231432 -3.3916272004200776 -3.2168948830788313 
-1.1209493708708613 7.814719656049777 4.095903277020351 
-6.659663330661903 6.199564615552618 -2.4795578873751203 
3.730827352126301 -2.1546619650998617 1.9682675335328863 

Next Matrix:
Width: 5
Height: 1
3.2114326114728438 -6.024151430246279 13.33128111162287 3.8642729510370954 -1.763385970474822 

Next Network:

2
Width: 3
Height: 4
1.5710415129881534 -3.149963392559814 -1.4939025671303108 
-3.404247553365815 6.249185234050156 2.83544712887663 
-9.389618365641596 2.3923693923696163 -1.563174844331776 
2.1404218615085626 -1.8304669733738883 3.8201340153808787 

Next Matrix:
Width: 5
Height: 1
-0.36545640514182165 -5.894387208490636 12.789305639910143 4.609174351780679 -2.8720656315055377 

Next Network:

2
Width: 3
Height: 4
2.2024488745070867 -1.8936089081638967 -0.47428414340250047 
-3.096718090109488 6.591363268328915 4.156322695966274 
-8.112272764139643 3.4294252691071208 -0.4519686544441044 
2.731760405021809 -1.3491128833686643 4.081295560528299 

Next Matrix:
Width: 5
Height: 1
0.8278413480570068 -5.101654571580898 12.83964238879555 5.074284990812186 -0.7348258752771655 

Next Network:

2
Width: 3
Height: 4
2.043883942016513 -3.1028792799733287 -4.530423737987535 
-4.4564507286318165 9.320057039839893 2.5713969694189043 
-7.3887721966184134 4.231157003189333 -2.982955690174144 
3.642110169331998 -1.4208625022361683 -0.038709140424445065 

Next Matrix:
Width: 5
Height: 1
2.7727780461627947 -5.50167436364126 13.078381035319229 5.133846773541735 -3.1107911936918615 

Next Network:

2
Width: 3
Height: 4
3.277330422273528 -2.9626733736537716 -3.7872764921621194 
-2.7411160451613874 7.423854653931935 3.4741168312323625 
-5.302175130799476 3.387283717197337 -2.8524746688281875 
3.7485767895225255 -1.5374497895103876 0.7313415036276651 

Next Matrix:
Width: 5
Height: 1
3.0275582909140253 -5.298974242181101 13.390109151501155 4.862260281976153 -2.2195393501870866 

Next Network:

2
Width: 3
Height: 4
0.5216524065184738 -4.642905127820239 -1.0040816678611555 
-2.5211292234669926 7.047457627065088 2.83544712887663 
-7.304783323683493 4.375500321129509 -2.0508620703075016 
1.9671872430219977 -1.7807303375342343 3.860464100931472 

Next Matrix:
Width: 5
Height: 1
0.9182120124779618 -3.433914553852614 12.738830957844208 3.523793607616347 -1.6017955340419119 
