Width: 3
Height: 4
0.9512084556544167 -3.5222348052687518 -2.471544500442237 
-0.2271958098692355 -1.4600058532494433 1.3076722879258045 
-2.4821236126579027 -1.0008434868635958 -1.493579619660514 
-0.36159003861738737 3.23671196609627 -0.7377444107268176 

Next Matrix:
Width: 5
Height: 1
-0.26812798743624255 0.8680457370509902 2.586556575647651 -0.4145365592922763 0.6881533131218134 

Next Network:

Width: 3
Height: 4
1.9891605172682962 4.717030225210775 -2.358354299363489 
-2.0307169271508694 0.8084935825215886 -1.3382687543810199 
-2.5658084514173156 0.07914409243649301 -0.6447303324753302 
0.38672344815226944 1.4028144842425438 0.4417044650240116 

Next Matrix:
Width: 5
Height: 1
-1.1506859424254976 0.8122464691296714 2.981848809158527 1.565621330926201 -0.058347770142190614 

Next Network:

Width: 3
Height: 4
3.3966191781590105 4.530133438574207 -3.4556117718918187 
-2.0307169271508694 1.4932336937240407 -0.17132509178331468 
-2.42506098294867 1.0788835004002195 -0.5410726538839061 
0.38672344815226944 1.542185679314242 -0.008927389417866971 

Next Matrix:
Width: 5
Height: 1
0.06487153012379232 1.6344574801951914 2.4942901013835446 0.7471771833419993 -0.7271397119827503 

Next Network:

Width: 3
Height: 4
1.9891605172682962 5.474133226918276 -1.9105707176139146 
-1.196597602395335 0.6104325271720943 -1.6929733064905435 
-2.42506098294867 0.07914409243649301 -0.5410726538839061 
1.166162949005616 1.9874761693260832 -0.008927389417866971 

Next Matrix:
Width: 5
Height: 1
-1.8799525185348434 0.8044263145929869 2.889084969634542 0.7471771833419993 -0.9575926143066096 

Next Network:

Width: 3
Height: 4
0.9512084556544167 -3.5222348052687518 -2.471544500442237 
-0.2271958098692355 -1.4600058532494433 1.3076722879258045 
-2.4821236126579027 -1.0008434868635958 -1.493579619660514 
-0.36159003861738737 3.23671196609627 -0.7377444107268176 

Next Matrix:
Width: 5
Height: 1
-0.26812798743624255 0.8680457370509902 2.586556575647651 -0.4145365592922763 0.6881533131218134 

Next Network:

Width: 3
Height: 4
2.199708500752542 5.302829751434511 -2.6566806921953385 
-1.6926078102646158 2.14549595099467 -0.17132509178331468 
-2.42506098294867 0.07914409243649301 0.1694232354832803 
0.38672344815226944 1.542185679314242 -0.008927389417866971 

Next Matrix:
Width: 5
Height: 1
-0.3809101867471383 0.670713816484436 2.2206462725706717 1.5409837046189043 -0.5573962045128902 

Next Network:

Width: 3
Height: 4
0.06054145839316094 -3.755501213837713 -2.471544500442237 
-1.1303923738198434 -1.489219837617889 1.3076722879258045 
-1.8237425274235253 0.42044852406477506 -0.32470344711143007 
-0.36159003861738737 3.23671196609627 -0.7377444107268176 

Next Matrix:
Width: 5
Height: 1
-0.26812798743624255 1.290439022651399 2.718605805910947 -2.1649280813999896 0.24457774622463058 

Next Network:

Width: 3
Height: 4
2.6508522654228273 5.400123650915878 -2.364374728178718 
-1.684838260853679 3.167610635493712 -0.7805992668835211 
-2.1372728961640415 1.030381927237886 -0.7427858837927623 
-0.3168686637885658 2.2906608988821207 0.89038432092076 

Next Matrix:
Width: 5
Height: 1
-1.1506859424254976 0.6067243958105206 2.343885881798017 0.4053424492183686 0.6087875810549108 

Next Network:

Width: 3
Height: 4
2.7632027193652466 4.8926281355204955 0.9075932537967537 
-0.24062639193487922 -0.033821382443083525 -0.7489098894739001 
-0.14714410840862624 -1.8991208565456037 -1.786224592344028 
0.6360276367552358 1.5056482015879677 1.9722837397716297 

Next Matrix:
Width: 5
Height: 1
-0.037532849950328906 0.6440560792824175 0.2844042710719128 0.526712066222111 -0.8090504876893398 

Next Network:

Width: 3
Height: 4
2.199708500752542 5.302829751434511 -2.6566806921953385 
-1.6926078102646158 2.14549595099467 -0.17132509178331468 
-2.42506098294867 0.07914409243649301 0.1694232354832803 
0.38672344815226944 1.542185679314242 -0.008927389417866971 

Next Matrix:
Width: 5
Height: 1
-0.3809101867471383 0.670713816484436 2.2206462725706717 1.5409837046189043 -0.5573962045128902 

Next Network:

Width: 3
Height: 4
3.4343349156313723 4.530133438574207 -1.8592887288773132 
-1.6630669372991234 1.4647094058098298 -0.3810902543666508 
-2.5081458851891805 0.07914409243649301 -0.8301750735132281 
-0.39808186091388653 1.1594008814249022 -1.001332924024489 

Next Matrix:
Width: 5
Height: 1
-0.06673470626976163 1.0687595518122521 1.4167044875921715 1.3582652313266101 0.01790108542005653 

Next Network:

Width: 3
Height: 4
1.1702662283366736 -4.274715336943266 -2.471544500442237 
-1.6587356358714098 -2.526351609621318 1.3076722879258045 
-1.3520523603351284 -0.5359584596858546 -1.8294076186193984 
0.07957381384708806 3.8543372780178293 -1.3040944304551696 

Next Matrix:
Width: 5
Height: 1
-0.4701632472056452 0.35353765879169385 2.586556575647651 -1.1939263179569963 0.21853766355670712 

Next Network:

Width: 3
Height: 4
1.9891605172682962 4.762177510423985 -2.6566806921953385 
-1.476851400986875 1.539335177477129 -1.117743021850429 
-2.42506098294867 0.07914409243649301 -0.5410726538839061 
-0.3506595120607805 1.8320006134060716 -0.01869625954170373 

Next Matrix:
Width: 5
Height: 1
-1.1506859424254976 1.5863191216757933 2.2206462725706717 0.8709649874579222 -0.9575926143066096 

Next Network:

Width: 3
Height: 4
2.7464508946425132 4.530133438574207 -2.278927296804789 
-1.706513264645392 1.4932336937240407 -0.17132509178331468 
-3.3490855873370764 0.07914409243649301 -0.31819184245141385 
0.38672344815226944 1.542185679314242 -0.39038942476304994 

Next Matrix:
Width: 5
Height: 1
-0.7637837503535345 0.8315252822662325 2.2206462725706717 0.7471771833419993 -0.9575926143066096 

Next Network:

Width: 3
Height: 4
3.4343349156313723 4.530133438574207 -2.6566806921953385 
-1.6630669372991234 1.4647094058098298 -0.17132509178331468 
-2.5081458851891805 0.07914409243649301 -0.5410726538839061 
-0.39808186091388653 1.2716350725076344 -0.008927389417866971 

Next Matrix:
Width: 5
Height: 1
-0.3809101867471383 1.0687595518122521 2.2206462725706717 0.7471771833419993 -0.8786795986802785 

Next Network:

Width: 3
Height: 4
-0.48968685666387257 -4.375266156381248 -2.694746704336487 
-0.5339303618404778 -2.2791415433302444 0.668222404946017 
-1.1759466514845063 1.44965851558238 -2.094035124220471 
-0.5088287345324565 3.23671196609627 0.3083532700576439 

Next Matrix:
Width: 5
Height: 1
-0.26812798743624255 0.36562067981278745 2.390012410443008 -0.7571660055168989 0.636812369717636 

Next Network:

Width: 3
Height: 4
3.3966191781590105 4.530133438574207 -3.4556117718918187 
-2.0307169271508694 1.4932336937240407 -0.17132509178331468 
-2.42506098294867 1.0788835004002195 -0.5410726538839061 
0.38672344815226944 1.542185679314242 -0.008927389417866971 

Next Matrix:
Width: 5
Height: 1
0.06487153012379232 1.6344574801951914 2.4942901013835446 0.7471771833419993 -0.7271397119827503 

Next Network:

Width: 3
Height: 4
1.9891605172682962 5.474133226918276 -1.9105707176139146 
-1.196597602395335 0.6104325271720943 -1.6929733064905435 
-2.42506098294867 0.07914409243649301 -0.5410726538839061 
1.166162949005616 1.9874761693260832 -0.008927389417866971 

Next Matrix:
Width: 5
Height: 1
-1.8799525185348434 0.8044263145929869 2.889084969634542 0.7471771833419993 -0.9575926143066096 

Next Network:

Width: 3
Height: 4
-0.48968685666387257 -3.111133390147982 -3.277580550236324 
0.29541244775770314 -1.601697417345789 0.668222404946017 
-1.515659185557265 1.44965851558238 -2.094035124220471 
-0.5088287345324565 3.23671196609627 0.8375301816849254 

Next Matrix:
Width: 5
Height: 1
0.34756070753433344 0.36562067981278745 2.390012410443008 -0.5470171032164544 0.07245106946426594 

Next Network:

Width: 3
Height: 4
2.6508522654228273 5.400123650915878 -2.364374728178718 
-1.684838260853679 3.167610635493712 -0.7805992668835211 
-2.1372728961640415 1.030381927237886 -0.7427858837927623 
-0.3168686637885658 2.2906608988821207 0.89038432092076 

Next Matrix:
Width: 5
Height: 1
-1.1506859424254976 0.6067243958105206 2.343885881798017 0.4053424492183686 0.6087875810549108 

Next Network:

Width: 3
Height: 4
2.7632027193652466 4.8926281355204955 0.9075932537967537 
-0.24062639193487922 -0.033821382443083525 -0.7489098894739001 
-0.14714410840862624 -1.8991208565456037 -1.786224592344028 
0.6360276367552358 1.5056482015879677 1.9722837397716297 

Next Matrix:
Width: 5
Height: 1
-0.037532849950328906 0.6440560792824175 0.2844042710719128 0.526712066222111 -0.8090504876893398 

Next Network:

Width: 3
Height: 4
2.199708500752542 5.302829751434511 -2.6566806921953385 
-1.6926078102646158 2.14549595099467 -0.17132509178331468 
-2.42506098294867 0.07914409243649301 0.1694232354832803 
0.38672344815226944 1.542185679314242 -0.008927389417866971 

Next Matrix:
Width: 5
Height: 1
-0.3809101867471383 0.670713816484436 2.2206462725706717 1.5409837046189043 -0.5573962045128902 

Next Network:

Width: 3
Height: 4
2.7464508946425132 4.530133438574207 -2.6566806921953385 
-2.0307169271508694 1.4932336937240407 -0.17132509178331468 
-2.42506098294867 0.07914409243649301 -0.5410726538839061 
0.38672344815226944 1.542185679314242 -0.008927389417866971 

Next Matrix:
Width: 5
Height: 1
-0.3809101867471383 0.8044263145929869 2.2206462725706717 0.7471771833419993 -0.9575926143066096 

Next Network:

Width: 3
Height: 4
2.814694458712748 -2.179702317504232 -4.578985741982693 
0.687553958876121 -2.321485005506858 0.20603090939883995 
0.2002095751812314 1.5475471992603467 -0.3813931917105833 
-1.7135620969652823 3.664776430296773 -0.7838798930108855 

Next Matrix:
Width: 5
Height: 1
-0.8971098865893017 -0.8556845489877396 3.7930825545365963 -2.8744320798611827 -1.2349468392380165 

Next Network:

Width: 3
Height: 4
2.7632027193652466 4.509320660715818 0.2304209799386172 
-0.7533006888913207 0.8492054458234968 -0.7489098894739001 
0.6169723240410416 -2.8353948188733 -1.786224592344028 
0.6360276367552358 0.5315615438500425 1.9722837397716297 

Next Matrix:
Width: 5
Height: 1
-0.037532849950328906 -0.19145837266917298 0.2844042710719128 0.526712066222111 -0.8090504876893398 

Next Network:

Width: 3
Height: 4
2.7464508946425132 4.530133438574207 -2.6566806921953385 
-2.0307169271508694 1.4932336937240407 -0.17132509178331468 
-2.42506098294867 0.07914409243649301 -0.5410726538839061 
0.38672344815226944 1.542185679314242 -0.008927389417866971 

Next Matrix:
Width: 5
Height: 1
-0.3809101867471383 0.8044263145929869 2.2206462725706717 0.7471771833419993 -0.9575926143066096 

Next Network:

Width: 3
Height: 4
2.8010762504859823 3.7638279171826516 -2.0903456220555583 
-1.2310553168306069 0.5067581766584941 -1.91453750713919 
-2.1033235947628337 0.07914409243649301 -0.5410726538839061 
1.3469179846004855 1.310935935607955 -0.6774866690252366 

Next Matrix:
Width: 5
Height: 1
-1.4737781567430397 0.6268476175985938 2.2206462725706717 0.8928808222497795 -0.7762986254147652 

Next Network:

Width: 3
Height: 4
3.4343349156313723 4.069540866265025 -2.6566806921953385 
-2.1391217788635335 2.200236380409436 -0.2466737867619524 
-2.5081458851891805 1.0125771495944769 0.457495909549299 
-1.2827907563080332 0.5092493518671242 -0.7231079945252643 

Next Matrix:
Width: 5
Height: 1
-0.5366937172265265 0.993324185632495 1.3314345839429302 0.7471771833419993 -0.8786795986802785 

Next Network:

Width: 3
Height: 4
3.6755631669790034 3.724048323982762 -2.4904885884497894 
-2.331744472980236 2.2814073314608385 0.23852475740328627 
-2.5081458851891805 0.07914409243649301 -1.5177236527865199 
0.4228641440602954 1.7999826336116107 -1.2650696124868146 

Next Matrix:
Width: 5
Height: 1
-0.06673470626976163 1.0687595518122521 1.4167044875921715 0.8254197153653693 -0.6131080132874496 

Next Network:

Width: 3
Height: 4
2.7464508946425132 4.530133438574207 -2.6566806921953385 
-2.0307169271508694 1.4932336937240407 -0.17132509178331468 
-2.42506098294867 0.07914409243649301 -0.5410726538839061 
0.38672344815226944 1.542185679314242 -0.008927389417866971 

Next Matrix:
Width: 5
Height: 1
-0.3809101867471383 0.8044263145929869 2.2206462725706717 0.7471771833419993 -0.9575926143066096 

Next Network:

Width: 3
Height: 4
3.3966191781590105 4.530133438574207 -3.4556117718918187 
-2.0307169271508694 1.4932336937240407 -0.17132509178331468 
-2.42506098294867 1.0788835004002195 -0.5410726538839061 
0.38672344815226944 1.542185679314242 -0.008927389417866971 

Next Matrix:
Width: 5
Height: 1
0.06487153012379232 1.6344574801951914 2.4942901013835446 0.7471771833419993 -0.7271397119827503 

Next Network:

Width: 3
Height: 4
3.3966191781590105 4.530133438574207 -3.4556117718918187 
-2.0307169271508694 1.4932336937240407 -0.17132509178331468 
-2.42506098294867 1.0788835004002195 -0.5410726538839061 
0.38672344815226944 1.542185679314242 -0.008927389417866971 

Next Matrix:
Width: 5
Height: 1
0.06487153012379232 1.6344574801951914 2.4942901013835446 0.7471771833419993 -0.7271397119827503 

Next Network:

Width: 3
Height: 4
2.0045253215379555 4.505960983895806 -2.7693658040960445 
-1.3695444770070015 1.8647547186608084 -0.17132509178331468 
-2.42506098294867 0.07914409243649301 0.1694232354832803 
0.21959493352996962 2.471117584712051 -0.008927389417866971 

Next Matrix:
Width: 5
Height: 1
-0.9925900355221728 0.7389566180395495 2.2206462725706717 2.004896801113111 -0.5573962045128902 

Next Network:

Width: 3
Height: 4
0.06054145839316094 -3.755501213837713 -2.471544500442237 
-1.1303923738198434 -1.489219837617889 1.3076722879258045 
-1.8237425274235253 0.42044852406477506 -0.32470344711143007 
-0.36159003861738737 3.23671196609627 -0.7377444107268176 

Next Matrix:
Width: 5
Height: 1
-0.26812798743624255 1.290439022651399 2.718605805910947 -2.1649280813999896 0.24457774622463058 

Next Network:

Width: 3
Height: 4
1.974100845467558 4.493287144737086 -3.535759403444003 
-2.5524734006382097 2.9934221537290844 -1.117743021850429 
-2.42506098294867 0.07914409243649301 -0.22426872235461115 
0.38672344815226944 2.2906608988821207 0.89038432092076 

Next Matrix:
Width: 5
Height: 1
-1.7411314908631736 0.6067243958105206 2.837661636928356 -0.09255332339087907 -0.31260658777265427 

Next Network:

Width: 3
Height: 4
1.9891605172682962 4.717030225210775 -2.358354299363489 
-2.0307169271508694 0.8084935825215886 -1.3382687543810199 
-2.5658084514173156 0.07914409243649301 -0.6447303324753302 
0.38672344815226944 1.4028144842425438 0.4417044650240116 

Next Matrix:
Width: 5
Height: 1
-1.1506859424254976 0.8122464691296714 2.981848809158527 1.565621330926201 -0.058347770142190614 

Next Network:

Width: 3
Height: 4
3.4320007226785707 4.530133438574207 -2.6566806921953385 
-2.0307169271508694 1.4932336937240407 -1.1077425952300992 
-2.42506098294867 -0.6981199208082547 -0.5410726538839061 
0.38672344815226944 1.542185679314242 -0.008927389417866971 

Next Matrix:
Width: 5
Height: 1
-0.3809101867471383 1.0392497358433832 2.2206462725706717 0.5118973329726424 -0.745353489619949 

Next Network:

Width: 3
Height: 4
2.376683940932467 4.530133438574207 -2.3085275133917023 
-0.18453121704457187 0.92636126374679 -1.122021513534372 
-3.3597218497645134 0.6113438051231352 -0.5410726538839061 
-0.08468766010532658 0.806794413644915 0.38909306132122534 

Next Matrix:
Width: 5
Height: 1
-0.3809101867471383 0.8044263145929869 1.395777286102343 1.3206617191904475 0.22038730203762458 

Next Network:

Width: 3
Height: 4
2.7464508946425132 4.530133438574207 -2.6566806921953385 
-2.0307169271508694 1.4932336937240407 -0.17132509178331468 
-2.42506098294867 0.07914409243649301 -0.5410726538839061 
0.38672344815226944 1.542185679314242 -0.008927389417866971 

Next Matrix:
Width: 5
Height: 1
-0.3809101867471383 0.8044263145929869 2.2206462725706717 0.7471771833419993 -0.9575926143066096 

Next Network:

Width: 3
Height: 4
0.9512084556544167 -3.755501213837713 -2.471544500442237 
-0.2271958098692355 -2.0847201754147147 1.3076722879258045 
-1.8237425274235253 -0.049427834747128196 -1.1736968496245652 
-0.36159003861738737 3.23671196609627 -0.7377444107268176 

Next Matrix:
Width: 5
Height: 1
-0.26812798743624255 0.35353765879169385 2.586556575647651 -1.2866384837579017 -0.010599454249823337 

Next Network:

Width: 3
Height: 4
1.0527014819453218 3.223077856367015 1.2903629456552081 
0.604598493649954 0.32406087753785706 0.7928732769985198 
-0.6143573382462342 -0.26454037057285484 -1.1892673834443974 
0.7272184783034485 1.7634867766806879 1.781350206553741 

Next Matrix:
Width: 5
Height: 1
-0.39779000555752053 -0.03237865075834789 1.3263944115075597 0.5901905036351212 -1.6642503877999069 

Next Network:

Width: 3
Height: 4
2.814694458712748 -2.179702317504232 -4.578985741982693 
0.687553958876121 -2.321485005506858 0.20603090939883995 
0.2002095751812314 1.5475471992603467 -0.3813931917105833 
-1.7135620969652823 3.664776430296773 -0.7838798930108855 

Next Matrix:
Width: 5
Height: 1
-0.8971098865893017 -0.8556845489877396 3.7930825545365963 -2.8744320798611827 -1.2349468392380165 

Next Network:

Width: 3
Height: 4
-0.48968685666387257 -4.375266156381248 -2.694746704336487 
-0.5339303618404778 -2.2791415433302444 0.668222404946017 
-1.1759466514845063 1.44965851558238 -2.094035124220471 
-0.5088287345324565 3.23671196609627 0.3083532700576439 

Next Matrix:
Width: 5
Height: 1
-0.26812798743624255 0.36562067981278745 2.390012410443008 -0.7571660055168989 0.636812369717636 

Next Network:

Width: 3
Height: 4
1.9891605172682962 5.474133226918276 -1.9105707176139146 
-1.196597602395335 0.6104325271720943 -1.6929733064905435 
-2.42506098294867 0.07914409243649301 -0.5410726538839061 
1.166162949005616 1.9874761693260832 -0.008927389417866971 

Next Matrix:
Width: 5
Height: 1
-1.8799525185348434 0.8044263145929869 2.889084969634542 0.7471771833419993 -0.9575926143066096 

Next Network:

Width: 3
Height: 4
2.199708500752542 5.302829751434511 -2.6566806921953385 
-1.6926078102646158 2.14549595099467 -0.17132509178331468 
-2.42506098294867 0.07914409243649301 0.1694232354832803 
0.38672344815226944 1.542185679314242 -0.008927389417866971 

Next Matrix:
Width: 5
Height: 1
-0.3809101867471383 0.670713816484436 2.2206462725706717 1.5409837046189043 -0.5573962045128902 

Next Network:

Width: 3
Height: 4
1.1702662283366736 -4.274715336943266 -2.471544500442237 
-1.6587356358714098 -2.526351609621318 1.3076722879258045 
-1.3520523603351284 -0.5359584596858546 -1.8294076186193984 
0.07957381384708806 3.8543372780178293 -1.3040944304551696 

Next Matrix:
Width: 5
Height: 1
-0.4701632472056452 0.35353765879169385 2.586556575647651 -1.1939263179569963 0.21853766355670712 

Next Network:

Width: 3
Height: 4
3.1478923727752557 4.003529999540608 -1.937640779505895 
-2.843538499616284 2.284729051674458 -0.06673005854308967 
-2.42506098294867 1.9623107522143326 0.1867540045500642 
0.02131000961443541 1.542185679314242 -0.0828969985342618 

Next Matrix:
Width: 5
Height: 1
-0.4509704680177402 0.28228866145989895 2.6865462178590547 1.3922645494457828 -0.7271397119827503 

Next Network:

Width: 3
Height: 4
1.465029507392822 5.325190880091781 -2.6566806921953385 
-1.6926078102646158 2.5617570544192505 -0.17132509178331468 
-2.42506098294867 0.07914409243649301 0.1694232354832803 
0.38672344815226944 2.357120057404728 -0.36996654851400423 

Next Matrix:
Width: 5
Height: 1
-0.3809101867471383 0.670713816484436 2.2206462725706717 1.5409837046189043 -0.5573962045128902 

Next Network:

Width: 3
Height: 4
3.6954824229672725 4.530133438574207 -3.4556117718918187 
-2.0307169271508694 1.4932336937240407 0.7521859905427226 
-2.42506098294867 1.811273945875973 -0.5410726538839061 
0.38672344815226944 2.2747152204712213 -0.07808046072407415 

Next Matrix:
Width: 5
Height: 1
0.06487153012379232 1.6344574801951914 1.706854377197063 0.7471771833419993 -0.7271397119827503 

Next Network:

Width: 3
Height: 4
2.199708500752542 4.639043110198445 -2.26628036465325 
-1.6926078102646158 2.14549595099467 -0.17132509178331468 
-2.42506098294867 0.07914409243649301 -0.5466256472271964 
0.38672344815226944 1.542185679314242 0.8906705167361553 

Next Matrix:
Width: 5
Height: 1
-0.3809101867471383 1.4169137191255199 1.3916852399572757 2.2492438925231397 -0.18703444630844257 

Next Network:

Width: 3
Height: 4
0.9512084556544167 -3.3132610999297345 -2.471544500442237 
0.6553413043899552 -1.4600058532494433 1.3076722879258045 
-2.4821236126579027 -0.8962616825148195 -1.493579619660514 
-0.025552075472638824 3.2761873407013318 -0.7377444107268176 

Next Matrix:
Width: 5
Height: 1
-0.26812798743624255 0.297960771863224 2.586556575647651 -0.4145365592922763 0.6881533131218134 

Next Network:

Width: 3
Height: 4
1.9891605172682962 4.717030225210775 -2.358354299363489 
-2.0307169271508694 0.8084935825215886 -1.3382687543810199 
-2.5658084514173156 -0.26703784244212025 -1.0170037807823529 
1.1441524221193704 1.4028144842425438 1.1964782652128128 

Next Matrix:
Width: 5
Height: 1
-1.1506859424254976 0.8122464691296714 2.5847404838548926 2.191704754697651 -1.0472210060024245 

Next Network:

Width: 3
Height: 4
3.3966191781590105 3.6617754468041235 -2.8171637792355737 
-2.0307169271508694 0.9543659280998931 -1.0169339646375462 
-2.0066459008385924 1.0788835004002195 -1.0923215356403984 
0.38672344815226944 2.4620492965214016 -0.008927389417866971 

Next Matrix:
Width: 5
Height: 1
-0.7502822242152765 2.238503575512107 2.537760439897464 0.08880631029102615 -0.7271397119827503 

Next Network:

Width: 3
Height: 4
2.0324587942457146 5.474133226918276 -1.183532111217932 
-0.23780803133964712 -0.12982636051942764 -1.6929733064905435 
-1.5657300339365727 0.07914409243649301 -1.4820548164278227 
0.6966692976431725 1.9874761693260832 -0.5054838722279535 

Next Matrix:
Width: 5
Height: 1
-1.8799525185348434 0.8044263145929869 2.860796354420664 0.8165459546120473 -0.9575926143066096 

Next Network:

Width: 3
Height: 4
0.20489752668821448 -3.5222348052687518 -2.471544500442237 
0.7723859629277119 -1.1942460289669257 1.5721025345969064 
-2.4821236126579027 -0.6530839041470693 -1.493579619660514 
-0.36159003861738737 2.766064017940093 0.03452923002556241 

Next Matrix:
Width: 5
Height: 1
-0.26812798743624255 1.0255832422011881 2.9900648836324617 -0.4145365592922763 1.1799476678318523 

Next Network:

Width: 3
Height: 4
2.199708500752542 5.302829751434511 -2.765550247250315 
-1.6926078102646158 2.5428346687220564 -0.17132509178331468 
-2.42506098294867 0.7118693007710508 -0.2885078651846886 
0.38672344815226944 1.542185679314242 0.45402829328023264 

Next Matrix:
Width: 5
Height: 1
0.20940908344804665 1.3610692570564236 2.4215123469657684 1.4384699333820632 -1.1682719140540496 

Next Network:

Width: 3
Height: 4
0.06054145839316094 -3.3342507462387045 -2.706346289214659 
-1.1303923738198434 -1.489219837617889 1.3076722879258045 
-2.0556599321629196 0.42044852406477506 0.6389764751291964 
0.04272724291281116 3.23671196609627 -0.41536868698540275 

Next Matrix:
Width: 5
Height: 1
-0.26812798743624255 0.7475634890972933 2.718605805910947 -1.7292395919727215 1.2073476227190953 

Next Network:

Width: 3
Height: 4
2.6508522654228273 5.400123650915878 -2.97801765812303 
-1.684838260853679 3.167610635493712 -0.8477547754207513 
-2.5975067566212995 1.721930223411467 -0.11397137946321689 
-0.7219855758156419 2.2906608988821207 0.89038432092076 

Next Matrix:
Width: 5
Height: 1
-1.1506859424254976 0.033522944007363 2.343885881798017 0.13259769189860093 0.18933012515430758 

Next Network:

Width: 3
Height: 4
3.7405418606256795 4.038191765982981 0.9075932537967537 
-0.24062639193487922 -0.033821382443083525 -0.7489098894739001 
-0.14714410840862624 -1.8991208565456037 -1.311985384346343 
1.4247531201781451 1.4759886119139005 1.9722837397716297 

Next Matrix:
Width: 5
Height: 1
-0.7709609728000224 0.6440560792824175 -0.21998802841083376 -0.30237128364863963 -0.8678559235697465 

Next Network:

Width: 3
Height: 4
2.199708500752542 4.965103742769939 -2.6566806921953385 
-1.5380540436899215 2.14549595099467 -0.17132509178331468 
-1.976001726411672 -0.21565675973715237 0.6765088541778803 
0.38672344815226944 1.542185679314242 -0.008927389417866971 

Next Matrix:
Width: 5
Height: 1
-1.1112624711190084 0.12555518602271043 2.8900880898793746 1.5409837046189043 -0.5573962045128902 

Next Network:

Width: 3
Height: 4
2.798147779274195 4.530133438574207 -1.8592887288773132 
-1.6630669372991234 2.107456523682507 -1.1592030228907793 
-2.5081458851891805 0.07914409243649301 -0.8301750735132281 
0.5392906299714744 1.1594008814249022 -1.4307639313043725 

Next Matrix:
Width: 5
Height: 1
-0.06673470626976163 1.6657588923620805 1.1341823747107715 1.3582652313266101 0.8681048104571167 

Next Network:

Width: 3
Height: 4
0.9749798675771668 -4.274715336943266 -1.8929468435683288 
-1.7870723183019748 -2.7695767577147623 1.3076722879258045 
-1.3520523603351284 -0.5359584596858546 -1.8294076186193984 
-0.7328182590236512 3.8543372780178293 -2.096960723099984 

Next Matrix:
Width: 5
Height: 1
-0.4701632472056452 0.35353765879169385 2.344697102425236 -1.4313965276195761 0.7033442657517677 

Next Network:

Width: 3
Height: 4
1.9891605172682962 5.653694257508497 -2.6566806921953385 
-1.1866083175576276 1.539335177477129 -0.6534886191707721 
-2.42506098294867 0.07914409243649301 0.16709098828673374 
-0.3506595120607805 1.8320006134060716 0.5597389718479302 

Next Matrix:
Width: 5
Height: 1
-1.5662676435031626 0.8445467127379849 2.2206462725706717 0.5443743938746621 -1.7720234387313314 

Next Network:

Width: 3
Height: 4
2.7464508946425132 4.530133438574207 -2.7901926350022443 
-1.706513264645392 1.4932336937240407 0.47074400654976367 
-3.544610457660175 0.07914409243649301 -0.31819184245141385 
0.9920616376378164 1.820037584569263 0.06123672436922645 

Next Matrix:
Width: 5
Height: 1
-0.7637837503535345 1.0671468325498525 2.754842990036175 0.7471771833419993 -0.9575926143066096 

Next Network:

Width: 3
Height: 4
3.4343349156313723 4.149051912054716 -2.6566806921953385 
-1.8137468328715574 1.4647094058098298 -0.17132509178331468 
-2.5081458851891805 -0.4305873287689759 -0.1973155543590155 
-0.39808186091388653 1.2716350725076344 -0.008927389417866971 

Next Matrix:
Width: 5
Height: 1
-0.21855728893606963 1.0687595518122521 2.2206462725706717 0.5804576037984106 -0.8786795986802785 

Next Network:

Width: 3
Height: 4
-0.48968685666387257 -4.4385441204211435 -2.1934755896399256 
-0.5339303618404778 -2.2791415433302444 0.5820610489432672 
-1.1759466514845063 1.8564258428330036 -2.094035124220471 
-0.5088287345324565 3.23671196609627 0.13323772254751876 

Next Matrix:
Width: 5
Height: 1
0.6948896624512018 0.36562067981278745 2.68825582080501 -0.8854607243917485 1.0964633304579623 

Next Network:

Width: 3
Height: 4
3.3966191781590105 4.7828839094755 -3.4556117718918187 
-2.0307169271508694 1.4932336937240407 0.29645745392473954 
-2.42506098294867 1.0788835004002195 -0.9165803636377483 
0.38672344815226944 1.542185679314242 -0.7656644198792761 

Next Matrix:
Width: 5
Height: 1
0.06487153012379232 1.6344574801951914 2.4942901013835446 1.2823225584486246 -0.7271397119827503 

Next Network:

Width: 3
Height: 4
1.9391443969649629 6.290607854338242 -2.5308187851502497 
-1.196597602395335 0.6104325271720943 -1.6929733064905435 
-2.42506098294867 0.07914409243649301 -1.2459407302405516 
1.05972170894448 2.413678543927263 -0.7884576296472972 

Next Matrix:
Width: 5
Height: 1
-1.8799525185348434 0.8044263145929869 2.872171824446193 1.022817030874783 -1.793874520269652 

Next Network:

Width: 3
Height: 4
-0.48968685666387257 -3.9094571509144194 -3.524861989073254 
0.29541244775770314 -1.601697417345789 0.668222404946017 
-1.515659185557265 1.8081221655214215 -2.094035124220471 
0.37096842604223035 3.23671196609627 0.8375301816849254 

Next Matrix:
Width: 5
Height: 1
0.0798645690763018 0.36562067981278745 2.390012410443008 -0.7104140754315671 -0.011151429528805767 

Next Network:

Width: 3
Height: 4
3.0793246307015116 5.3617817549860645 -1.5431183608078693 
-0.7667633648418246 3.0558898942091983 -0.7805992668835211 
-2.1372728961640415 0.1384903159937123 -0.7427858837927623 
0.298085475172551 1.7713145558045051 0.89038432092076 

Next Matrix:
Width: 5
Height: 1
-1.1506859424254976 1.3065051318704914 2.3834529852711164 0.4053424492183686 0.6087875810549108 

Next Network:

Width: 3
Height: 4
2.5931175266916977 4.8926281355204955 0.9075932537967537 
-0.24062639193487922 -0.033821382443083525 -0.4604664073365745 
-0.018046501848466567 -1.8991208565456037 -1.4200718035487119 
1.1264126101980894 1.0203701636772033 2.229077015369795 

Next Matrix:
Width: 5
Height: 1
-0.12249518451258368 1.358198827683198 0.2844042710719128 0.526712066222111 -0.8090504876893398 

Next Network:

Width: 3
Height: 4
2.199708500752542 4.718398344143374 -2.6720247741319043 
-1.6926078102646158 1.8382400769300453 -0.17132509178331468 
-2.42506098294867 -0.4835237441288107 0.19516092021620546 
0.38672344815226944 2.3430589024512605 -0.008927389417866971 

Next Matrix:
Width: 5
Height: 1
-1.1712383531420405 0.670713816484436 2.2206462725706717 1.3602978310899299 0.05947118157886466 

Next Network:

Width: 3
Height: 4
2.7365838323369944 4.530133438574207 -2.6566806921953385 
-1.9216732024210628 0.8838986421269588 -0.17132509178331468 
-2.42506098294867 -0.7905902000303386 0.14986954275377662 
0.14726228011766995 1.542185679314242 0.796738636967828 

Next Matrix:
Width: 5
Height: 1
-0.3809101867471383 0.8044263145929869 2.6263675086382916 0.9900814071946866 -0.9575926143066096 

Next Network:

Width: 3
Height: 4
3.411576586439703 -2.179702317504232 -4.255019364363186 
1.1804253245017537 -2.321485005506858 0.6247493722567921 
0.2002095751812314 1.5475471992603467 -0.3813931917105833 
-1.19781278188697 3.664776430296773 -0.7838798930108855 

Next Matrix:
Width: 5
Height: 1
-0.8971098865893017 -1.5656309699240907 3.726505832787366 -2.8744320798611827 -1.2349468392380165 

Next Network:

Width: 3
Height: 4
1.8980967173094738 5.301854829258583 0.2304209799386172 
-1.309871422970282 1.024297651651242 -0.9395401553227258 
0.7767195356038448 -2.8520395518977866 -1.786224592344028 
0.6360276367552358 1.1649725030091167 1.2291783091477895 

Next Matrix:
Width: 5
Height: 1
-0.45033654993466987 -0.19145837266917298 0.2844042710719128 -0.3374268906618936 -0.8090504876893398 

Next Network:

Width: 3
Height: 4
1.8031522795926571 4.530133438574207 -2.011583878542891 
-1.1874757814340002 1.4932336937240407 -0.17132509178331468 
-2.6113781606568747 0.07914409243649301 -0.5410726538839061 
0.38672344815226944 1.542185679314242 -0.35252166283874575 

Next Matrix:
Width: 5
Height: 1
-0.3809101867471383 0.8044263145929869 2.0547338199683853 0.7471771833419993 -0.9575926143066096 

Next Network:

Width: 3
Height: 4
3.196587306896477 3.7638279171826516 -2.0903456220555583 
-1.2310553168306069 0.5067581766584941 -2.399384122884631 
-2.1033235947628337 -0.06841969924207825 -0.5410726538839061 
1.0803724572633178 1.5923209095242086 -0.06360098130037772 

Next Matrix:
Width: 5
Height: 1
-2.2536426904035274 0.18687272624475382 2.6214596307696763 0.8928808222497795 -0.7762986254147652 

Next Network:

Width: 3
Height: 4
3.4343349156313723 5.049617512082606 -1.7213664280753853 
-3.095174346471569 2.828676401436459 -0.2466737867619524 
-2.5081458851891805 1.0125771495944769 0.457495909549299 
-1.2827907563080332 0.24541897508428523 -0.7231079945252643 

Next Matrix:
Width: 5
Height: 1
-0.5366937172265265 0.993324185632495 1.9226305499967755 0.7471771833419993 -1.5564702388180158 

Next Network:

Width: 3
Height: 4
3.6755631669790034 3.724048323982762 -2.4904885884497894 
-2.331744472980236 2.2814073314608385 0.23852475740328627 
-2.5081458851891805 0.07914409243649301 -1.5177236527865199 
0.22954875573471978 2.4545699175307103 -1.2650696124868146 

Next Matrix:
Width: 5
Height: 1
0.5852361440726346 1.0687595518122521 1.4167044875921715 0.6578402151811 0.3751409978288005 

Next Network:

Width: 3
Height: 4
3.34633514345044 4.530133438574207 -2.6566806921953385 
-2.0307169271508694 1.4932336937240407 -0.2062362321388156 
-2.42506098294867 1.0240004871015322 -1.1622444891107273 
0.9715135007068345 1.542185679314242 -0.3270320392742354 

Next Matrix:
Width: 5
Height: 1
-0.06260148967764145 -0.07901770259694874 2.2206462725706717 0.19990511267216515 -0.9575926143066096 

Next Network:

Width: 3
Height: 4
4.085277104447146 4.598157250512852 -3.4556117718918187 
-2.0307169271508694 1.3832898095704227 -0.17132509178331468 
-2.42506098294867 1.0479231289420827 -1.0534868389252892 
-0.40985188743160283 1.542185679314242 -0.008927389417866971 

Next Matrix:
Width: 5
Height: 1
-0.5018858810458482 1.6344574801951914 2.4942901013835446 0.2526497789777937 -1.1871338031272431 

Next Network:

Width: 3
Height: 4
3.3966191781590105 4.530133438574207 -2.7307673877164143 
-2.183969688775104 1.8265739753253722 -0.17132509178331468 
-2.42506098294867 1.5003200663242409 -0.5410726538839061 
0.6363133470146858 2.499830587977287 -0.008927389417866971 

Next Matrix:
Width: 5
Height: 1
0.3449991905433498 1.9692310446208947 2.4942901013835446 0.309449857776837 -0.7271397119827503 

Next Network:

Width: 3
Height: 4
1.9634865011984943 4.505960983895806 -2.7693658040960445 
-1.3695444770070015 1.516478855259589 -0.37143718223839106 
-2.612167901799647 0.07914409243649301 0.1694232354832803 
0.7153813217278897 2.471117584712051 -0.008927389417866971 

Next Matrix:
Width: 5
Height: 1
-1.370454086138869 0.7389566180395495 3.1259249803401286 1.2048188612642412 -0.5573962045128902 

Next Network:

Width: 3
Height: 4
1.0572339845783791 -4.086400868413737 -2.471544500442237 
-1.141240306783992 -0.7570367609051603 1.3076722879258045 
-1.8237425274235253 0.1973386716836678 -0.43025176202422677 
-0.36159003861738737 3.035799411858487 -1.709345919498704 

Next Matrix:
Width: 5
Height: 1
-1.1106229124804432 0.5956098094629909 2.718605805910947 -2.0505558046400485 0.6377344441959101 

Next Network:

Width: 3
Height: 4
1.974100845467558 4.493287144737086 -3.535759403444003 
-2.8741261158604505 2.9934221537290844 -1.117743021850429 
-2.42506098294867 -0.5032881651416306 0.20631434782815483 
0.38672344815226944 2.2906608988821207 0.49342336793315167 

Next Matrix:
Width: 5
Height: 1
-2.696749989665146 0.6067243958105206 2.837661636928356 -0.13389030661553591 0.23880874496727977 

Next Network:

Width: 3
Height: 4
1.9891605172682962 5.105153043708869 -2.358354299363489 
-2.0307169271508694 0.8084935825215886 -1.4153603978467066 
-1.8336136960861749 0.07914409243649301 -0.9816740886457416 
0.38672344815226944 1.1747886798362932 1.3975510219851144 

Next Matrix:
Width: 5
Height: 1
-1.9807234395557827 1.7887184815097317 2.981848809158527 0.6330170159396844 -0.058347770142190614 

Next Network:

Width: 3
Height: 4
2.7409969350475687 4.530133438574207 -2.5153397804596946 
-1.9420072560392545 1.4932336937240407 -1.1077425952300992 
-2.42506098294867 -0.6981199208082547 -0.5410726538839061 
0.9900219804819004 1.8015759140034426 -0.008927389417866971 

Next Matrix:
Width: 5
Height: 1
-0.7314725913828373 0.4068932770402309 1.2602076327433493 -0.4223011658500577 -1.2440240525358632 

Next Network:

Width: 3
Height: 4
2.8660546755601253 5.168101830425288 -2.3085275133917023 
-0.7100025725743706 0.92636126374679 -1.122021513534372 
-3.3597218497645134 0.1880375345408447 0.04925859570239699 
-0.08468766010532658 1.544016848791335 0.32656503589993724 

Next Matrix:
Width: 5
Height: 1
0.2142863507660282 0.8044263145929869 2.2497557071141516 1.3206617191904475 0.22038730203762458 

Next Network:

Width: 3
Height: 4
2.6781959449713493 5.090860518213616 -2.6566806921953385 
-1.776312043757417 2.485164846085519 -0.17132509178331468 
-2.42506098294867 0.07914409243649301 0.29106660155813313 
1.1784681565591795 1.542185679314242 -0.5592846523859647 

Next Matrix:
Width: 5
Height: 1
-0.3809101867471383 0.8044263145929869 1.584341692925223 0.4892131434865008 -1.1846916992712508 

Next Network:

Width: 3
Height: 4
1.4218721230695366 -2.7756918686687113 -2.471544500442237 
0.16173230519607706 -2.0847201754147147 1.3076722879258045 
-1.8237425274235253 -0.049427834747128196 -1.0148509361809825 
-0.36159003861738737 3.362453599786549 -1.424891416869395 

Next Matrix:
Width: 5
Height: 1
-0.12212477921512455 0.9055279064546871 2.586390357328908 -2.075785854225388 -0.10739725409576684 

Next Network:

Width: 3
Height: 4
1.0527014819453218 3.223077856367015 1.2903629456552081 
0.96784548185437 0.32406087753785706 0.7928732769985198 
0.13058168858382246 -0.26454037057285484 -1.0910545846532926 
0.24849025826710758 2.070960222635756 2.06285475689015 

Next Matrix:
Width: 5
Height: 1
-0.39779000555752053 -0.17513776315490515 1.3263944115075597 -0.1640621198091783 -1.6642503877999069 

Next Network:

Width: 3
Height: 4
2.29521073072906 -2.093772133074201 -4.578985741982693 
0.9812169631398233 -1.7703210200024069 0.20603090939883995 
0.2002095751812314 1.1158879706060678 -0.3813931917105833 
-1.1016866151769915 3.0742725399420587 -0.7838798930108855 

Next Matrix:
Width: 5
Height: 1
-1.0178554975673677 -0.8415759352115195 3.7930825545365963 -2.8744320798611827 -1.2349468392380165 

Next Network:

Width: 3
Height: 4
-0.48968685666387257 -4.375266156381248 -2.694746704336487 
-0.3383174198438148 -1.3370320002944485 0.668222404946017 
-1.1759466514845063 0.6064796511522066 -2.338377647018553 
-0.7153560312919212 3.23671196609627 0.3083532700576439 

Next Matrix:
Width: 5
Height: 1
-0.014308964753780629 0.36562067981278745 2.4994859796289584 -1.516544760569672 0.636812369717636 

Next Network:

Width: 3
Height: 4
1.9891605172682962 5.474133226918276 -1.4749181804569902 
-1.9963608161887334 0.6104325271720943 -2.6913087684690673 
-2.42506098294867 0.07914409243649301 -0.5410726538839061 
0.2901364195113001 1.9874761693260832 -0.7722671156767589 

Next Matrix:
Width: 5
Height: 1
-0.9276013035001962 0.8044263145929869 2.889084969634542 -0.22590664416298378 -0.9575926143066096 

Next Network:

Width: 3
Height: 4
1.4345904896380177 5.302829751434511 -2.33923251101732 
-1.6926078102646158 2.844633449916129 -0.17132509178331468 
-2.42506098294867 0.07914409243649301 -0.656741089911032 
0.38672344815226944 1.542185679314242 -0.008927389417866971 

Next Matrix:
Width: 5
Height: 1
-0.3809101867471383 0.670713816484436 1.8762744079285427 0.9663106565767172 0.056701865746503266 

Next Network:

Width: 3
Height: 4
1.1702662283366736 -4.274715336943266 -2.471544500442237 
-1.6587356358714098 -2.526351609621318 1.3076722879258045 
-1.3520523603351284 -0.5359584596858546 -1.0115396572083173 
-0.656935335976341 4.244606174307099 -1.3040944304551696 

Next Matrix:
Width: 5
Height: 1
-0.4701632472056452 -0.39097116367236895 2.6342587842698766 -1.7084164540939202 1.1351161813308386 

Next Network:

Width: 3
Height: 4
4.006102525601873 3.7110042118642252 -1.937640779505895 
-2.843538499616284 2.284729051674458 -0.06673005854308967 
-2.1256234437942094 1.9623107522143326 -0.30721512095264103 
0.4833746606732594 1.531480368644613 -0.0828969985342618 

Next Matrix:
Width: 5
Height: 1
-0.4509704680177402 1.256039491769693 2.6865462178590547 1.3922645494457828 -1.5251793179377933 

Next Network:

Width: 3
Height: 4
1.465029507392822 5.325190880091781 -2.6566806921953385 
-1.1708599720772117 2.5617570544192505 -0.17132509178331468 
-2.42506098294867 0.5813476174946794 0.1694232354832803 
0.38672344815226944 2.357120057404728 -0.6549641452127346 

Next Matrix:
Width: 5
Height: 1
-0.3809101867471383 0.670713816484436 2.2206462725706717 2.127431768705679 0.09789240089804796 

Next Network:

Width: 3
Height: 4
3.6954824229672725 4.530133438574207 -3.949650708562837 
-2.0307169271508694 0.6585362001461001 0.7521859905427226 
-2.42506098294867 2.193930147788654 -1.1947739336210894 
0.38672344815226944 1.6024205310871862 -0.923737925207085 

Next Matrix:
Width: 5
Height: 1
0.15355056047835092 1.6344574801951914 1.706854377197063 0.7471771833419993 -0.7726883431159799 

Next Network:

Width: 3
Height: 4
1.4577814916671135 4.639043110198445 -1.45888003324324 
-1.6926078102646158 2.5208114239155455 -0.17132509178331468 
-2.42506098294867 -0.11861678756304439 -0.5466256472271964 
0.1886367375893614 1.542185679314242 0.8906705167361553 

Next Matrix:
Width: 5
Height: 1
-1.2083319134470571 1.4169137191255199 1.6476836217575341 1.4003866030359944 0.4474666874024045 
