Width: 3
Height: 4
12.149874992048241 -23.013912927220254 -8.138066748491823 
-2.392226157548932 0.5285295001276489 15.36740501363055 
-17.681462083643144 21.027643274685712 -17.738445735878756 
13.502285817566541 -13.498872347651801 19.78030629530377 

Next Matrix:
Width: 5
Height: 1
31.543699373731258 -22.098060795748523 17.846375684996445 5.026425050071107 14.56304453932836 

Next Network:

Width: 3
Height: 4
10.867062215292483 -21.77819757828741 -8.438312336019456 
-3.360891882388149 -1.6449786972193896 16.44945997301754 
-17.342421775374305 21.429844138730687 -16.93131372616331 
13.97276242714181 -13.801461043259554 19.63828887262064 

Next Matrix:
Width: 5
Height: 1
32.994463930086205 -20.48400767371485 17.97498189299573 2.7034079785985607 16.095126933927684 

Next Network:

Width: 3
Height: 4
13.029683939607722 -23.013912927220254 -8.173799045779173 
-2.392226157548932 0.5285295001276489 15.36740501363055 
-18.088787948114028 21.20667691639825 -18.27641067369401 
13.502285817566541 -13.704084712528159 19.78030629530377 

Next Matrix:
Width: 5
Height: 1
31.05407000548205 -22.098060795748523 16.59112197544301 4.538549357801207 13.633407251568316 

Next Network:

Width: 3
Height: 4
15.4694908648158 -20.053443037079134 -8.83599619031056 
-6.50254246508806 0.6168435133897829 14.168487387486646 
-16.629662864517808 19.206003064498592 -19.8937273356249 
16.730742644487695 -18.007053432008696 18.606229191907186 

Next Matrix:
Width: 5
Height: 1
33.68859182776814 -26.515634236746724 16.672079540537066 9.046730742492063 10.755339061446117 

Next Network:

Width: 3
Height: 4
10.984107285388713 -22.123212203330805 -6.2039444835210125 
-2.4134254486397846 -2.8125357826798294 16.64638531347872 
-19.700236655298742 20.944192003560698 -16.93131372616331 
13.498577445918205 -13.173254846245667 19.205297159258 

Next Matrix:
Width: 5
Height: 1
33.30402488156841 -21.363166530044467 19.42250916492284 3.816193528185602 16.159082150859337 

Next Network:

Width: 3
Height: 4
12.536905908141666 -22.409119373475693 -6.2620104073236025 
-4.284569787309287 -1.6521847976239963 13.438887589155133 
-16.014381040026795 20.62573652815748 -17.236736563350657 
16.088269023213122 -16.3743559933915 17.820064978146686 

Next Matrix:
Width: 5
Height: 1
30.888227626067497 -25.00526427668416 20.212286532258567 6.095917323403433 11.851896939351896 

Next Network:

Width: 3
Height: 4
13.82927372033648 -21.129651578104077 -6.032168638999626 
-5.719201429119844 -1.7631196127155488 13.294562737763787 
-14.761377525047239 20.038767386306866 -18.434462093227857 
15.3202291649385 -16.423696265428333 16.95447182181468 

Next Matrix:
Width: 5
Height: 1
31.47847083316695 -26.630684154916583 18.524023167824435 6.239807224858938 12.444918269786053 

Next Network:

Width: 3
Height: 4
9.868150777194272 -22.186899670637207 -7.6762079240713295 
-3.5525430555601565 -1.6471744808883828 14.26204315973532 
-18.345344254729632 20.33986822283545 -18.527148715177475 
14.053104956642517 -14.699987030303209 19.205297159258 

Next Matrix:
Width: 5
Height: 1
33.00536042769037 -22.320681094763867 18.373695703298864 2.8969357256064807 15.375779152304558 

Next Network:

Width: 3
Height: 4
15.454436182996545 -23.338543647783073 -6.681933760317976 
-1.5287614762317647 0.5960492560273687 14.139745859140382 
-14.991156437148879 21.019142872594262 -19.342057956866096 
16.441130472746657 -15.642022251106672 15.496764108641612 

Next Matrix:
Width: 5
Height: 1
35.14247617932894 -26.643936210220375 18.030321664607285 5.7041978978957 13.952025378843848 

Next Network:

Width: 3
Height: 4
11.852556359161381 -22.45764159701574 -5.953086207236348 
-4.620129233099462 -1.6521847976239963 12.479328500628691 
-15.330519087830195 20.13069865584876 -17.236736563350657 
16.088269023213122 -15.665628852303524 18.639769356410095 

Next Matrix:
Width: 5
Height: 1
31.254946557781537 -26.854517594204523 20.212286532258567 6.095917323403433 12.477907225628101 

Next Network:

Width: 3
Height: 4
12.536905908141666 -22.409119373475693 -6.2620104073236025 
-4.284569787309287 -1.6521847976239963 12.640683758987251 
-15.330519087830195 20.016936918135325 -17.236736563350657 
16.088269023213122 -16.3743559933915 17.820064978146686 

Next Matrix:
Width: 5
Height: 1
31.254946557781537 -25.97058092978173 20.212286532258567 6.095917323403433 12.477907225628101 

Next Network:

Width: 3
Height: 4
12.041783718300326 -22.620315558019787 -6.296829581712933 
-3.8216512553944413 -1.4678257775012065 13.47416644769098 
-14.70784195063857 20.496362099388566 -18.958527897099223 
16.564139057895378 -16.921461094492827 18.493303200362515 

Next Matrix:
Width: 5
Height: 1
30.232084711456235 -26.398762950405516 19.196183943524165 4.86626801022415 12.738437670466624 

Next Network:

Width: 3
Height: 4
9.868150777194272 -22.186899670637207 -7.028701496848201 
-3.5525430555601565 -1.8130220304966764 14.26204315973532 
-18.345344254729632 20.33986822283545 -19.389095899198935 
14.053104956642517 -14.579078014093296 19.205297159258 

Next Matrix:
Width: 5
Height: 1
33.00536042769037 -22.96600971022417 18.373695703298864 2.8969357256064807 15.375779152304558 

Next Network:

Width: 3
Height: 4
9.868150777194272 -22.520644114436045 -9.280287015806914 
-2.736324022454151 -1.6279676044171603 14.527094141556407 
-17.553456059105265 20.09290986341368 -18.527148715177475 
12.36927453368472 -13.596123565496075 19.771598344586163 

Next Matrix:
Width: 5
Height: 1
33.50362206673172 -22.320681094763867 18.306217408831472 1.5430384825523866 14.64098291358225 

Next Network:

Width: 3
Height: 4
14.184107774123135 -20.331060474057477 -6.922779883843979 
-6.561040550377127 -1.420488478124095 14.6755529118893 
-13.14514946201965 20.341469527470053 -18.42934625340626 
16.208531560889437 -16.391634840966326 18.928042798421757 

Next Matrix:
Width: 5
Height: 1
32.04552772827195 -25.406098385257657 20.399567706667693 6.937560576449052 13.701282482397804 

Next Network:

Width: 3
Height: 4
10.984107285388713 -22.123212203330805 -6.2039444835210125 
-2.4134254486397846 -2.8125357826798294 16.64638531347872 
-19.700236655298742 20.944192003560698 -16.93131372616331 
13.498577445918205 -13.173254846245667 19.205297159258 

Next Matrix:
Width: 5
Height: 1
33.30402488156841 -21.363166530044467 19.42250916492284 3.816193528185602 16.159082150859337 

Next Network:

Width: 3
Height: 4
12.283061602434257 -22.08337035264528 -6.2620104073236025 
-4.284569787309287 -1.6521847976239963 12.215308211594584 
-15.330519087830195 20.016936918135325 -17.236736563350657 
16.091679692745167 -16.3743559933915 17.820064978146686 

Next Matrix:
Width: 5
Height: 1
31.366201662494305 -25.97058092978173 20.212286532258567 6.095917323403433 12.451729887387321 

Next Network:

Width: 3
Height: 4
9.868150777194272 -23.110601866093422 -9.087706340212986 
-4.515055382154092 -2.173844309397259 13.674621093267891 
-18.49015901371642 20.701280062360595 -19.469646616671742 
12.215585924250957 -13.995565197545412 19.771598344586163 

Next Matrix:
Width: 5
Height: 1
33.50362206673172 -22.675018858507965 18.80118928507368 0.8139192935828918 14.988845392920659 

Next Network:

Width: 3
Height: 4
20.89491283741436 -21.54273834525149 -8.466451373291207 
-4.300554432476632 2.110817158481825 10.501919762212037 
-14.227875572684068 18.677356256342392 -16.46010357300286 
13.771087150405588 -15.299421234825887 19.082722010746128 

Next Matrix:
Width: 5
Height: 1
33.51648941296294 -22.846684799759206 20.609329963850495 3.742205493843639 10.093291982306516 

Next Network:

Width: 3
Height: 4
14.25213727114443 -21.129651578104077 -6.032168638999626 
-5.719201429119844 -1.7631196127155488 13.294562737763787 
-15.640424464134222 20.038767386306866 -18.434462093227857 
15.3202291649385 -16.423696265428333 17.147332767438577 

Next Matrix:
Width: 5
Height: 1
31.47847083316695 -26.630684154916583 18.524023167824435 5.672238697062945 12.81750312132008 

Next Network:

Width: 3
Height: 4
20.89491283741436 -21.953282255729636 -7.793547792637158 
-4.042565666355903 1.1108979165362398 9.157965676627665 
-13.367606142245409 18.37606853327499 -16.46010357300286 
13.660323618119353 -14.81748696739105 19.675772699562078 

Next Matrix:
Width: 5
Height: 1
34.32704559994928 -23.297635953157247 20.262435691619455 2.9724991500864055 9.90133421084903 

Next Network:

Width: 3
Height: 4
15.454436182996545 -22.6462987825456 -6.052007234712801 
-2.3628620851177704 -0.04961442545848005 14.139745859140382 
-14.41236741143041 20.890054769952453 -18.936511484787193 
16.45795981907247 -15.642022251106672 16.44482446882743 

Next Matrix:
Width: 5
Height: 1
33.183523928650544 -26.174967205854184 17.812454899069188 5.914972702399786 14.623026084424396 

Next Network:

Width: 3
Height: 4
15.454436182996545 -23.338543647783073 -6.681933760317976 
-1.5287614762317647 0.5960492560273687 14.139745859140382 
-14.991156437148879 21.019142872594262 -19.342057956866096 
16.441130472746657 -15.642022251106672 15.496764108641612 

Next Matrix:
Width: 5
Height: 1
35.14247617932894 -26.643936210220375 18.030321664607285 5.7041978978957 13.952025378843848 

Next Network:

Width: 3
Height: 4
20.89491283741436 -21.54273834525149 -8.466451373291207 
-4.300554432476632 2.110817158481825 10.501919762212037 
-14.227875572684068 18.677356256342392 -16.46010357300286 
13.771087150405588 -15.299421234825887 19.082722010746128 

Next Matrix:
Width: 5
Height: 1
33.51648941296294 -22.846684799759206 20.609329963850495 3.742205493843639 10.093291982306516 

Next Network:

Width: 3
Height: 4
19.98231550299233 -22.313503370162834 -8.466451373291207 
-4.042565666355903 2.110817158481825 8.448382088958441 
-14.37735889222779 18.85647076282719 -16.99558761681834 
12.240747687563733 -14.81748696739105 19.675772699562078 

Next Matrix:
Width: 5
Height: 1
33.6996466485947 -22.432271518179377 20.09511370724789 2.964008154265989 9.90133421084903 

Next Network:

Width: 3
Height: 4
19.201779754557847 -21.531124480338043 -8.316700239288839 
-3.0893389371015907 1.8919561129888198 9.924180412603993 
-13.447745654966763 17.439321402540283 -15.674880064413987 
13.12317627435033 -14.908938646493922 18.75778478840275 

Next Matrix:
Width: 5
Height: 1
33.975537432906364 -21.621028475905348 20.183820709495816 2.1885434888673934 10.90870615739169 

Next Network:

Width: 3
Height: 4
12.769535290614431 -21.129651578104077 -6.813783070528927 
-5.595231723193502 -1.420488478124095 14.6755529118893 
-13.14514946201965 20.341469527470053 -18.276926747226586 
16.208531560889437 -16.391634840966326 18.317494885986335 

Next Matrix:
Width: 5
Height: 1
32.227217193035926 -26.010480776886357 19.974928877216335 6.9318185715066205 13.246566663413827 

Next Network:

Width: 3
Height: 4
15.454436182996545 -23.338543647783073 -7.018509290113325 
-1.9017436733149595 0.5960492560273687 14.139745859140382 
-14.991156437148879 21.019142872594262 -18.936511484787193 
16.441130472746657 -15.642022251106672 15.56579142441512 

Next Matrix:
Width: 5
Height: 1
34.628905722426225 -26.174967205854184 18.030321664607285 5.914972702399786 14.623026084424396 

Next Network:

Width: 3
Height: 4
15.941231200510366 -23.494273620541357 -6.6665794597629375 
-3.387773700727475 0.10284071147013352 13.898370016347817 
-15.794136389836561 19.20113718241531 -16.29537399862602 
16.054791543615845 -17.253990671152817 18.177573124872946 

Next Matrix:
Width: 5
Height: 1
32.40826659905309 -25.378990845226653 17.184559336300463 6.603141471050768 13.812761482605561 

Next Network:

Width: 3
Height: 4
15.941231200510366 -23.494273620541357 -6.6665794597629375 
-3.387773700727475 0.10284071147013352 13.898370016347817 
-15.794136389836561 19.20113718241531 -16.29537399862602 
16.054791543615845 -17.253990671152817 18.177573124872946 

Next Matrix:
Width: 5
Height: 1
32.40826659905309 -25.378990845226653 17.184559336300463 6.603141471050768 13.812761482605561 

Next Network:

Width: 3
Height: 4
9.868150777194272 -22.186899670637207 -7.431662686341325 
-4.439895912732923 -1.6471744808883828 14.26204315973532 
-18.345344254729632 20.33986822283545 -17.942777515311402 
14.053104956642517 -14.699987030303209 19.205297159258 

Next Matrix:
Width: 5
Height: 1
32.22762824842612 -22.320681094763867 18.373695703298864 2.8969357256064807 15.375779152304558 

Next Network:

Width: 3
Height: 4
12.149874992048241 -23.013912927220254 -7.453927149231504 
-2.392226157548932 0.5285295001276489 15.36740501363055 
-17.681462083643144 21.027643274685712 -17.284675372611904 
13.502285817566541 -13.704084712528159 19.78030629530377 

Next Matrix:
Width: 5
Height: 1
31.543699373731258 -22.098060795748523 17.167233407065478 4.538549357801207 14.020699531456104 

Next Network:

Width: 3
Height: 4
9.868150777194272 -22.520644114436045 -8.316000284228464 
-3.5525430555601565 -2.5594630370691394 14.26204315973532 
-18.345344254729632 19.951578216408922 -18.527148715177475 
13.213102709433594 -13.45603083036163 19.771598344586163 

Next Matrix:
Width: 5
Height: 1
33.50362206673172 -22.320681094763867 18.373695703298864 1.5430384825523866 14.854515362698478 

Next Network:

Width: 3
Height: 4
11.70458110698998 -21.676759455551625 -8.26319638985934 
-3.961707053446418 0.8565467353576923 14.822200104499117 
-18.55318563841788 20.180868794825553 -16.78630179184531 
13.232626054607039 -14.435176022722892 19.725225360519183 

Next Matrix:
Width: 5
Height: 1
33.66106679755542 -19.40873092876135 18.51123342678698 3.7174042439321244 15.859868515406527 

Next Network:

Width: 3
Height: 4
15.454436182996545 -22.64398871499152 -7.018509290113325 
-2.3628620851177704 -0.04961442545848005 14.139745859140382 
-14.41236741143041 21.019142872594262 -18.936511484787193 
16.45795981907247 -15.642022251106672 15.56579142441512 

Next Matrix:
Width: 5
Height: 1
33.90936315224522 -26.174967205854184 17.13503614870143 5.914972702399786 14.623026084424396 

Next Network:

Width: 3
Height: 4
9.868150777194272 -22.520644114436045 -8.316000284228464 
-3.5525430555601565 -2.5594630370691394 14.26204315973532 
-18.345344254729632 19.951578216408922 -18.527148715177475 
13.213102709433594 -13.45603083036163 19.771598344586163 

Next Matrix:
Width: 5
Height: 1
33.50362206673172 -22.320681094763867 18.373695703298864 1.5430384825523866 14.854515362698478 

Next Network:

Width: 3
Height: 4
12.596298714971157 -21.129651578104077 -6.813783070528927 
-5.595231723193502 -0.7522435049060163 13.720845860567643 
-13.14514946201965 20.341469527470053 -19.022391968454887 
16.218185539393886 -16.391634840966326 18.962162142857064 

Next Matrix:
Width: 5
Height: 1
32.02209251112444 -26.010480776886357 20.888037656310082 6.186244292559375 14.041770887918158 

Next Network:

Width: 3
Height: 4
10.572105554348532 -23.39639384180254 -7.762367750377721 
-1.598588023251301 -1.5626936742764959 14.510338910359593 
-18.345732341975584 20.29378265649851 -16.916271441831285 
12.27029378185035 -14.144128249688864 19.777357220812178 

Next Matrix:
Width: 5
Height: 1
33.043038439312426 -21.363166530044467 18.91081000851047 2.597429072491089 15.598908740010984 

Next Network:

Width: 3
Height: 4
12.021768513499817 -22.95376554954951 -6.2620104073236025 
-2.870709046970396 -2.5008767990770138 13.554794661029783 
-16.08854945491083 20.016936918135325 -18.179259192385256 
15.517030474338815 -16.618140854429008 17.820064978146686 

Next Matrix:
Width: 5
Height: 1
31.528507745854256 -25.97058092978173 18.85013878589367 5.557982809934617 13.336927636348523 

Next Network:

Width: 3
Height: 4
12.804318171448804 -21.704322820922435 -5.767804887655067 
-3.8216512553944413 -1.7529811994845168 12.294787258374981 
-14.217621698719249 21.295535505321038 -19.643506612236287 
15.49587382906583 -16.842435066902176 18.612623783180897 

Next Matrix:
Width: 5
Height: 1
30.9702145631187 -26.67738079941415 19.249789522675158 5.728096554890055 13.961156263445126 

Next Network:

Width: 3
Height: 4
19.98231550299233 -22.313503370162834 -8.466451373291207 
-4.042565666355903 2.110817158481825 8.448382088958441 
-14.37735889222779 18.85647076282719 -16.99558761681834 
12.240747687563733 -14.81748696739105 19.675772699562078 

Next Matrix:
Width: 5
Height: 1
33.6996466485947 -22.432271518179377 20.09511370724789 2.964008154265989 9.90133421084903 

Next Network:

Width: 3
Height: 4
11.66604787173401 -22.430066957079546 -7.453927149231504 
-2.392226157548932 -0.35531941729462235 15.927734857359154 
-17.25682655249735 19.92154858167089 -17.284675372611904 
13.502285817566541 -12.947093260888291 19.78030629530377 

Next Matrix:
Width: 5
Height: 1
31.72610718707112 -22.11555571274484 17.167233407065478 4.769542890150816 14.020699531456104 

Next Network:

Width: 3
Height: 4
9.897869743060305 -21.77819757828741 -7.505859847230456 
-2.6630167644760516 -1.5362678476055918 16.64638531347872 
-18.196781390611456 20.78809545707397 -16.93131372616331 
13.97276242714181 -13.801461043259554 19.205297159258 

Next Matrix:
Width: 5
Height: 1
32.994463930086205 -21.363166530044467 18.727979554385126 2.7034079785985607 16.139938825818096 

Next Network:

Width: 3
Height: 4
9.868150777194272 -22.520644114436045 -8.693424431731199 
-3.5525430555601565 -2.5594630370691394 13.674621093267891 
-18.4435504788445 20.701280062360595 -19.469646616671742 
12.215585924250957 -13.651740908540916 19.771598344586163 

Next Matrix:
Width: 5
Height: 1
33.50362206673172 -22.320681094763867 18.80118928507368 1.5478864977340494 14.988845392920659 

Next Network:

Width: 3
Height: 4
10.572105554348532 -23.856448149514254 -7.741545648398837 
-1.598588023251301 -1.5626936742764959 14.510338910359593 
-18.345732341975584 20.29378265649851 -16.916271441831285 
13.063680828199523 -14.144128249688864 19.777357220812178 

Next Matrix:
Width: 5
Height: 1
32.347110299706884 -21.363166530044467 19.686637850296957 2.597429072491089 14.624498700881153 

Next Network:

Width: 3
Height: 4
9.868150777194272 -22.438754770357896 -7.6762079240713295 
-3.5525430555601565 -1.6471744808883828 14.26204315973532 
-18.345344254729632 20.33986822283545 -18.527148715177475 
13.213102709433594 -14.38489742989689 19.205297159258 

Next Matrix:
Width: 5
Height: 1
33.043038439312426 -22.320681094763867 18.373695703298864 2.0442075750439828 14.854515362698478 

Next Network:

Width: 3
Height: 4
10.572105554348532 -23.856448149514254 -7.741545648398837 
-1.598588023251301 -1.5626936742764959 14.510338910359593 
-18.345732341975584 20.29378265649851 -16.916271441831285 
13.063680828199523 -14.144128249688864 19.777357220812178 

Next Matrix:
Width: 5
Height: 1
32.347110299706884 -21.363166530044467 19.686637850296957 2.597429072491089 14.624498700881153 

Next Network:

Width: 3
Height: 4
13.385912641572657 -21.762936788564957 -5.604921782890743 
-4.128620661066769 -0.20419940581481866 12.637378480613183 
-14.347548819082496 19.5130171413105 -18.830275928506868 
15.66839618060653 -18.58806875296217 19.16349603624173 

Next Matrix:
Width: 5
Height: 1
32.30674788928898 -26.40625185825052 19.329251679555508 4.2820059196969495 12.817488182558005 

Next Network:

Width: 3
Height: 4
14.472824377825482 -20.318065298719056 -6.922779883843979 
-6.561040550377127 -1.420488478124095 14.6755529118893 
-13.659931866229003 20.341469527470053 -18.42934625340626 
16.282516628720366 -16.391634840966326 18.928042798421757 

Next Matrix:
Width: 5
Height: 1
32.04552772827195 -26.26642767018063 20.399567706667693 6.905791256074771 13.701282482397804 

Next Network:

Width: 3
Height: 4
13.493538774797486 -22.410540370448594 -6.020897092026287 
-4.128620661066769 -0.20419940581481866 12.637378480613183 
-14.347548819082496 19.5130171413105 -18.89265837795301 
15.66839618060653 -17.663578268281867 19.16349603624173 

Next Matrix:
Width: 5
Height: 1
32.30674788928898 -26.40625185825052 19.78407273033124 4.625163595671732 12.817488182558005 

Next Network:

Width: 3
Height: 4
12.149874992048241 -23.013912927220254 -8.138066748491823 
-3.2744754206261195 0.5285295001276489 15.166523158927745 
-17.681462083643144 20.76354488593611 -17.738445735878756 
14.332393049923944 -13.309867731310057 19.78030629530377 

Next Matrix:
Width: 5
Height: 1
32.08475588147642 -22.098060795748523 17.846375684996445 5.026425050071107 14.990417294240816 

Next Network:

Width: 3
Height: 4
10.867062215292483 -21.77819757828741 -7.878690168189028 
-4.293192172157536 -1.6449786972193896 16.779212356855734 
-17.342421775374305 21.734054615173317 -17.26709687575714 
13.97276242714181 -14.047909682396988 19.002055616836312 

Next Matrix:
Width: 5
Height: 1
32.53522386641391 -19.53983167410402 17.602395184395252 2.9367144738786637 16.744230504344188 

Next Network:

Width: 3
Height: 4
13.029683939607722 -23.013912927220254 -8.173799045779173 
-2.392226157548932 0.5285295001276489 15.36740501363055 
-18.088787948114028 22.070680042290764 -17.352654643566307 
13.340763563245659 -13.704084712528159 19.78030629530377 

Next Matrix:
Width: 5
Height: 1
31.079948778789507 -22.098060795748523 16.59112197544301 4.538549357801207 13.633407251568316 

Next Network:

Width: 3
Height: 4
15.4694908648158 -20.053443037079134 -8.83599619031056 
-6.50254246508806 0.6168435133897829 13.84779682771462 
-17.01611641347349 19.206003064498592 -20.231188267166537 
16.730742644487695 -18.007053432008696 18.606229191907186 

Next Matrix:
Width: 5
Height: 1
33.68859182776814 -26.269533518093848 16.672079540537066 9.046730742492063 11.529468248710032 

Next Network:

Width: 3
Height: 4
11.81138915380981 -22.123212203330805 -5.341651566214371 
-2.4134254486397846 -2.8125357826798294 16.79059500793419 
-19.700236655298742 20.944192003560698 -16.93131372616331 
13.498577445918205 -13.173254846245667 18.877777568378267 

Next Matrix:
Width: 5
Height: 1
32.633452039447164 -21.487227506747143 19.855488261819104 4.713652544001269 16.159082150859337 

Next Network:

Width: 3
Height: 4
12.536905908141666 -22.9074166494397 -6.2620104073236025 
-4.284569787309287 -1.6521847976239963 13.438887589155133 
-16.096609628735926 20.62573652815748 -17.236736563350657 
16.600458127903032 -16.3743559933915 17.493061313944708 

Next Matrix:
Width: 5
Height: 1
30.888227626067497 -25.00526427668416 20.212286532258567 5.770344742673148 11.074670884349523 

Next Network:

Width: 3
Height: 4
13.82927372033648 -21.129651578104077 -7.008947397716776 
-5.536647930870686 -1.2231351544432596 13.061832428527865 
-14.761377525047239 20.038767386306866 -18.825871600670105 
15.3202291649385 -17.209939108765973 16.95447182181468 

Next Matrix:
Width: 5
Height: 1
31.47847083316695 -27.526169583095566 19.045841467593974 6.814065550398647 12.43150235143298 

Next Network:

Width: 3
Height: 4
9.868150777194272 -22.726466859269184 -7.6762079240713295 
-3.5525430555601565 -1.6471744808883828 14.602602204638034 
-18.345344254729632 20.18785141158409 -19.223047720679943 
14.053104956642517 -14.329774468570047 19.205297159258 

Next Matrix:
Width: 5
Height: 1
32.676739694136835 -22.320681094763867 18.67379039927825 2.8969357256064807 15.375779152304558 

Next Network:

Width: 3
Height: 4
15.870583806827607 -23.338543647783073 -6.681933760317976 
-1.5287614762317647 0.3981646282113216 14.139745859140382 
-14.991156437148879 21.817622861924477 -19.342057956866096 
16.441130472746657 -16.12191393075643 15.496764108641612 

Next Matrix:
Width: 5
Height: 1
34.50994059827884 -26.985334203647547 18.73464513022705 5.7041978978957 13.952025378843848 

Next Network:

Width: 3
Height: 4
11.852556359161381 -22.45764159701574 -5.953086207236348 
-4.620129233099462 -0.6616063579802256 12.393853739755151 
-15.997865662597858 19.648183025239632 -17.236736563350657 
16.088269023213122 -15.62178141957849 18.639769356410095 

Next Matrix:
Width: 5
Height: 1
31.385060493757912 -26.854517594204523 20.925682488219433 6.095917323403433 12.03920158388034 

Next Network:

Width: 3
Height: 4
12.536905908141666 -23.02371263469391 -6.2620104073236025 
-4.284569787309287 -1.3024364078126782 13.473525354313079 
-15.330519087830195 19.867503448582365 -17.15549267666989 
16.088269023213122 -16.637789039159408 18.49875149918709 

Next Matrix:
Width: 5
Height: 1
31.22690742864575 -25.605650639489404 19.22522590007196 6.095917323403433 11.711133745888871 

Next Network:

Width: 3
Height: 4
12.041783718300326 -22.620315558019787 -6.296829581712933 
-3.8216512553944413 -1.4678257775012065 12.95799644910015 
-15.092284517027615 20.496362099388566 -18.958527897099223 
16.564139057895378 -16.684512760836576 18.493303200362515 

Next Matrix:
Width: 5
Height: 1
30.232084711456235 -27.052430435032473 19.196183943524165 4.86626801022415 12.738437670466624 

Next Network:

Width: 3
Height: 4
9.868150777194272 -21.37755322365082 -7.550483046754112 
-3.5525430555601565 -1.585581001649926 14.26204315973532 
-18.55112810480111 20.62082954777617 -19.389095899198935 
14.053104956642517 -14.22302235573975 19.205297159258 

Next Matrix:
Width: 5
Height: 1
33.00536042769037 -22.82747483254561 18.373695703298864 2.8969357256064807 15.375779152304558 

Next Network:

Width: 3
Height: 4
9.868150777194272 -22.520644114436045 -10.218798941017553 
-3.126310563658042 -1.9153758508966974 13.991365471948225 
-17.553456059105265 20.05094767949691 -18.527148715177475 
12.36927453368472 -13.596123565496075 18.774083884141472 

Next Matrix:
Width: 5
Height: 1
33.50362206673172 -22.320681094763867 17.87089085121284 1.5430384825523866 14.64098291358225 

Next Network:

Width: 3
Height: 4
14.184107774123135 -20.331060474057477 -6.922779883843979 
-6.561040550377127 -1.420488478124095 14.6755529118893 
-13.306782014270404 20.341469527470053 -18.42934625340626 
15.429649437909667 -16.744926429679502 18.928042798421757 

Next Matrix:
Width: 5
Height: 1
32.04552772827195 -25.406098385257657 20.59562951837801 6.575142106536633 13.701282482397804 

Next Network:

Width: 3
Height: 4
10.984107285388713 -22.123212203330805 -6.2039444835210125 
-2.4134254486397846 -2.8125357826798294 16.660737270853026 
-19.700236655298742 20.944192003560698 -16.93131372616331 
14.461752461987448 -13.173254846245667 18.47999115429555 

Next Matrix:
Width: 5
Height: 1
33.30402488156841 -21.363166530044467 18.778914998202612 3.816193528185602 16.159082150859337 

Next Network:

Width: 3
Height: 4
12.283061602434257 -22.08337035264528 -6.2620104073236025 
-3.4051335121798507 -1.6521847976239963 12.215308211594584 
-14.727857699131665 20.016936918135325 -17.236736563350657 
16.091679692745167 -16.3743559933915 18.490638426647887 

Next Matrix:
Width: 5
Height: 1
31.366201662494305 -25.97058092978173 20.212286532258567 6.095917323403433 12.451729887387321 

Next Network:

Width: 3
Height: 4
9.868150777194272 -23.110601866093422 -8.192530000296173 
-3.6962287783030385 -1.4460929054746372 13.674621093267891 
-19.20444736562488 21.10710299075799 -19.469646616671742 
12.215585924250957 -14.844785423872548 19.771598344586163 

Next Matrix:
Width: 5
Height: 1
33.50362206673172 -22.675018858507965 18.80118928507368 0.8139192935828918 14.988845392920659 

Next Network:

Width: 3
Height: 4
20.286482071695442 -21.54273834525149 -8.466451373291207 
-4.747125991006181 1.8243089241364416 10.501919762212037 
-13.868574764487438 18.05153719531953 -16.643844298535132 
14.238525738102611 -15.955516677073364 19.082722010746128 

Next Matrix:
Width: 5
Height: 1
33.51648941296294 -22.846684799759206 20.609329963850495 3.742205493843639 9.392951102088741 

Next Network:

Width: 3
Height: 4
14.256300212254686 -21.129651578104077 -6.032168638999626 
-5.719201429119844 -1.7631196127155488 13.294562737763787 
-15.640424464134222 20.038767386306866 -18.10669506353985 
15.3202291649385 -17.29998865004172 17.147332767438577 

Next Matrix:
Width: 5
Height: 1
31.47847083316695 -26.630684154916583 18.524023167824435 5.672238697062945 12.81750312132008 

Next Network:

Width: 3
Height: 4
20.89491283741436 -21.843832114961533 -7.020389285084242 
-4.042565666355903 1.1108979165362398 9.157965676627665 
-13.367606142245409 19.371067564349943 -16.46010357300286 
14.49102393050403 -14.81748696739105 19.675772699562078 

Next Matrix:
Width: 5
Height: 1
34.32704559994928 -23.297635953157247 20.05802781592667 2.8799875139630844 9.90133421084903 

Next Network:

Width: 3
Height: 4
16.00691664811339 -22.6462987825456 -6.052007234712801 
-2.3628620851177704 0.36770639509325553 14.139745859140382 
-14.41236741143041 20.890054769952453 -18.936511484787193 
16.45795981907247 -15.642022251106672 16.44482446882743 

Next Matrix:
Width: 5
Height: 1
33.614359143884236 -26.174967205854184 16.91796132614623 6.15355410337085 14.340646486092385 

Next Network:

Width: 3
Height: 4
15.454436182996545 -23.338543647783073 -6.681933760317976 
-1.5287614762317647 1.4921286293126237 13.483174345216286 
-14.991156437148879 21.598852553722434 -20.296039174441397 
17.03435981572852 -15.642022251106672 15.496764108641612 

Next Matrix:
Width: 5
Height: 1
35.14247617932894 -26.643936210220375 17.533298467863503 5.7041978978957 13.952025378843848 

Next Network:

Width: 3
Height: 4
20.624612206520776 -21.21833714285298 -8.466451373291207 
-4.300554432476632 2.110817158481825 10.501919762212037 
-14.227875572684068 18.677356256342392 -16.46010357300286 
13.203759160042447 -15.299421234825887 19.082722010746128 

Next Matrix:
Width: 5
Height: 1
33.51648941296294 -22.846684799759206 20.609329963850495 3.1069532409601957 9.809611910891062 

Next Network:

Width: 3
Height: 4
19.01988076477824 -21.627964144793534 -7.5980495560996735 
-4.153090244990571 2.110817158481825 8.8016327329852 
-14.37735889222779 18.85647076282719 -16.99558761681834 
12.240747687563733 -14.946777371435866 19.675772699562078 

Next Matrix:
Width: 5
Height: 1
33.36422490153179 -22.432271518179377 19.750624897349642 2.964008154265989 9.787626119709602 

Next Network:

Width: 3
Height: 4
19.5932995835632 -21.531124480338043 -7.50779632731421 
-3.0893389371015907 1.9158768417342809 9.927345967385678 
-13.447745654966763 17.22120422280595 -15.674880064413987 
13.12317627435033 -14.908938646493922 18.75778478840275 

Next Matrix:
Width: 5
Height: 1
33.975537432906364 -21.376495184424986 20.183820709495816 2.1885434888673934 10.90870615739169 

Next Network:

Width: 3
Height: 4
12.769535290614431 -21.05106875101805 -6.4901569503969725 
-5.8722994979009755 -1.0926182503985296 15.544108526059903 
-13.07437716274137 20.890449202306456 -18.276926747226586 
16.208531560889437 -16.391634840966326 18.974282804878502 

Next Matrix:
Width: 5
Height: 1
32.08001328246035 -26.710543696392307 20.481473287153907 6.9318185715066205 13.246566663413827 

Next Network:

Width: 3
Height: 4
15.454436182996545 -23.338543647783073 -7.710786132505369 
-1.9017436733149595 1.2172449089408428 13.577305850400592 
-14.501547944554169 21.019142872594262 -18.842093438305277 
16.441130472746657 -14.7982788746032 15.08738297599208 

Next Matrix:
Width: 5
Height: 1
34.628905722426225 -26.174967205854184 18.03258972720004 5.914972702399786 14.623026084424396 

Next Network:

Width: 3
Height: 4
15.941231200510366 -23.494273620541357 -6.1611008163774 
-3.387773700727475 0.10284071147013352 13.898370016347817 
-15.343225335234973 19.20113718241531 -16.29537399862602 
16.054791543615845 -17.253990671152817 18.177573124872946 

Next Matrix:
Width: 5
Height: 1
32.40826659905309 -24.391352084637127 17.184559336300463 6.603141471050768 13.812761482605561 

Next Network:

Width: 3
Height: 4
15.941231200510366 -22.71148086205235 -6.6665794597629375 
-3.9454289868515984 0.9195731100312263 12.925479889747066 
-15.687592780370451 19.20113718241531 -16.29537399862602 
16.054791543615845 -17.253990671152817 18.177573124872946 

Next Matrix:
Width: 5
Height: 1
32.40826659905309 -25.7450017881847 16.43883221263776 6.603141471050768 13.952636589233574 

Next Network:

Width: 3
Height: 4
9.747293848526317 -22.186899670637207 -6.783835003420273 
-4.439895912732923 -1.6471744808883828 15.04238713256508 
-17.493380011943643 20.33986822283545 -17.198834558322037 
14.477470448933351 -15.045767759220363 19.745382156444492 

Next Matrix:
Width: 5
Height: 1
31.627778643035587 -22.712435062863975 18.373695703298864 2.9062514681871994 15.375779152304558 

Next Network:

Width: 3
Height: 4
12.966592271860918 -22.312499039256533 -7.453927149231504 
-3.0414462045262924 0.5285295001276489 15.497859178792046 
-18.365530617350966 21.027643274685712 -17.284675372611904 
14.002005303344824 -13.847010421853343 19.857996304397663 

Next Matrix:
Width: 5
Height: 1
31.602820720198395 -22.098060795748523 17.167233407065478 4.538549357801207 14.020699531456104 

Next Network:

Width: 3
Height: 4
9.646881877832175 -22.520644114436045 -8.865197406332523 
-3.5525430555601565 -2.5594630370691394 14.26204315973532 
-18.345344254729632 20.000666196686367 -18.527148715177475 
13.213102709433594 -13.45603083036163 19.771598344586163 

Next Matrix:
Width: 5
Height: 1
33.57411664583521 -22.320681094763867 18.58512138127695 1.5430384825523866 14.854515362698478 

Next Network:

Width: 3
Height: 4
11.70458110698998 -22.668359534975973 -8.26319638985934 
-3.278517561388661 0.17310556674703892 14.822200104499117 
-18.55318563841788 19.2428159339133 -16.78630179184531 
13.232626054607039 -14.435176022722892 19.725225360519183 

Next Matrix:
Width: 5
Height: 1
33.66106679755542 -19.238780533432013 18.51123342678698 3.7174042439321244 15.859868515406527 

Next Network:

Width: 3
Height: 4
15.454436182996545 -22.64398871499152 -7.018509290113325 
-1.717242907160984 0.06814652517855091 14.139745859140382 
-14.237862895772588 21.019142872594262 -18.936511484787193 
15.683570269479654 -16.54780582556339 15.56579142441512 

Next Matrix:
Width: 5
Height: 1
33.90936315224522 -26.174967205854184 17.13503614870143 5.914972702399786 14.94570413631646 

Next Network:

Width: 3
Height: 4
10.315440967839049 -22.64433158829512 -8.316000284228464 
-2.823250375897148 -2.5594630370691394 14.26204315973532 
-18.345344254729632 19.951578216408922 -18.032500310051418 
13.213102709433594 -13.400514622560618 19.098735395220302 

Next Matrix:
Width: 5
Height: 1
33.50362206673172 -21.39645420683422 18.177946939252625 1.5430384825523866 15.80308979117024 

Next Network:

Width: 3
Height: 4
12.596298714971157 -22.025354794100032 -6.3905222399031985 
-5.595231723193502 -0.7522435049060163 13.352153545202995 
-13.14514946201965 20.341469527470053 -19.022391968454887 
16.485901054856456 -16.391634840966326 18.962162142857064 

Next Matrix:
Width: 5
Height: 1
32.02209251112444 -25.360516343428586 19.924317903929413 6.186244292559375 14.450385377647226 

Next Network:

Width: 3
Height: 4
10.444907071001348 -23.39639384180254 -8.415937655201828 
-1.598588023251301 -1.5626936742764959 14.510338910359593 
-18.345732341975584 21.13070159410694 -16.868319424887037 
12.27029378185035 -14.144128249688864 19.536626520137382 

Next Matrix:
Width: 5
Height: 1
33.043038439312426 -21.363166530044467 18.91081000851047 2.8809597568789176 14.978031419988628 

Next Network:

Width: 3
Height: 4
12.455940552914123 -22.95376554954951 -5.5858758817112735 
-3.709606296776523 -2.5008767990770138 13.283998043690033 
-15.092605251638794 20.016936918135325 -18.179259192385256 
15.517030474338815 -16.618140854429008 16.88811860082629 

Next Matrix:
Width: 5
Height: 1
31.528507745854256 -25.97058092978173 18.85013878589367 5.3045015203698505 13.336927636348523 

Next Network:

Width: 3
Height: 4
12.953415696008472 -22.594282275660447 -6.330265246154891 
-3.8216512553944413 -2.2685163133965136 13.043293354953166 
-13.97228377654589 21.924288213029875 -19.643506612236287 
15.49587382906583 -16.842435066902176 18.278866470548024 

Next Matrix:
Width: 5
Height: 1
31.75348867441197 -27.163970009622403 19.881164401703266 5.728096554890055 13.961156263445126 

Next Network:

Width: 3
Height: 4
19.98231550299233 -22.313503370162834 -9.11605274213194 
-4.042565666355903 2.110817158481825 8.448382088958441 
-14.37735889222779 18.85647076282719 -16.99558761681834 
12.240747687563733 -14.81748696739105 19.675772699562078 

Next Matrix:
Width: 5
Height: 1
32.8682747206818 -22.432271518179377 20.09511370724789 2.5193496531082378 8.938281767454269 

Next Network:

Width: 3
Height: 4
11.992273514405397 -22.961069446096992 -7.453927149231504 
-2.392226157548932 0.6222058963888497 15.009904035487502 
-17.14874656916552 19.92154858167089 -17.284675372611904 
13.502285817566541 -12.947093260888291 19.78030629530377 

Next Matrix:
Width: 5
Height: 1
31.27216385197071 -22.11555571274484 17.99207924736089 4.769542890150816 14.194788223842114 

Next Network:

Width: 3
Height: 4
9.897869743060305 -21.439145643587032 -8.299699437994581 
-3.0613841531918755 -0.5451137622004065 15.958770744467905 
-17.86184630749683 20.78809545707397 -16.93131372616331 
14.202582810858784 -13.801461043259554 19.205297159258 

Next Matrix:
Width: 5
Height: 1
33.96944495225656 -21.363166530044467 18.36439094327089 2.7034079785985607 16.139938825818096 

Next Network:

Width: 3
Height: 4
9.868150777194272 -22.520644114436045 -8.693424431731199 
-3.5525430555601565 -3.4654827151875387 13.674621093267891 
-18.140024270156548 20.701280062360595 -19.469646616671742 
12.123562093598924 -13.651740908540916 19.771598344586163 

Next Matrix:
Width: 5
Height: 1
34.189655677903154 -22.320681094763867 18.80118928507368 2.135053902600337 14.988845392920659 

Next Network:

Width: 3
Height: 4
10.572105554348532 -23.856448149514254 -8.331593929409422 
-1.1216376806545163 -2.352782477420013 14.814364546681954 
-18.345732341975584 20.29378265649851 -16.94954536799335 
13.063680828199523 -14.144128249688864 19.777357220812178 

Next Matrix:
Width: 5
Height: 1
32.36013557805823 -21.363166530044467 19.686637850296957 2.597429072491089 14.624498700881153 

Next Network:

Width: 3
Height: 4
9.868150777194272 -22.438754770357896 -7.6762079240713295 
-3.5525430555601565 -1.6027155482100122 14.821312407811776 
-18.345344254729632 20.66873520954039 -18.527148715177475 
13.213102709433594 -14.38489742989689 19.205297159258 

Next Matrix:
Width: 5
Height: 1
33.043038439312426 -21.40557223796223 17.613188172054578 1.961789644703602 14.854515362698478 

Next Network:

Width: 3
Height: 4
10.230435278438776 -24.649859600522856 -7.741545648398837 
-1.740164271925787 -1.5626936742764959 14.510338910359593 
-18.345732341975584 20.203460182594142 -16.916271441831285 
12.815873265952506 -13.319100706739496 20.71540686990972 

Next Matrix:
Width: 5
Height: 1
31.936287025817528 -20.66629559052957 19.686637850296957 3.504030103830633 14.624498700881153 

Next Network:

Width: 3
Height: 4
12.443624401721584 -21.112810941110578 -5.121622672687604 
-4.128620661066769 0.4016417797777174 12.637378480613183 
-14.347548819082496 19.348539531942475 -18.830275928506868 
15.66839618060653 -18.58806875296217 19.16349603624173 

Next Matrix:
Width: 5
Height: 1
32.88732685708144 -26.40625185825052 19.329251679555508 4.2820059196969495 12.817488182558005 

Next Network:

Width: 3
Height: 4
14.472824377825482 -20.85802944932541 -6.922779883843979 
-6.561040550377127 -1.1362494049243073 14.6755529118893 
-14.001926534253352 20.341469527470053 -18.419825095338812 
16.320160594926485 -16.391634840966326 18.928042798421757 

Next Matrix:
Width: 5
Height: 1
32.04552772827195 -26.26642767018063 20.490771852735406 6.828112913343361 13.701282482397804 

Next Network:

Width: 3
Height: 4
13.493538774797486 -22.766315493501402 -6.020897092026287 
-4.360650865255779 0.3651643715004369 12.637378480613183 
-14.347548819082496 19.5130171413105 -19.32905469348115 
15.9185379838874 -17.663578268281867 19.16349603624173 

Next Matrix:
Width: 5
Height: 1
32.30674788928898 -27.134654016235388 19.78407273033124 4.346078042869978 13.740628339846289 
