Width: 3
Height: 4
-3.5362082081995934 3.4233657629222156 2.801248812954765 
-0.9061856342519177 3.227569037536826 -1.3434892188935192 
1.038522899281193 1.205281175454351 -1.340809412431332 
0.24432060742326867 -3.300809744856582 -1.5102955636576954 

Next Matrix:
Width: 5
Height: 1
-2.4864313564168077 -1.0214439608555335 -0.13671947724491806 -2.084371946284781 3.188721367478464 

Next Network:

Width: 3
Height: 4
-1.513474154395176 2.8295344414851646 3.5535008818282114 
0.7979688428314533 2.148147921504968 1.2609175756452384 
-0.7547344029005627 2.9569109298629277 0.2984500356447819 
-0.6148993940522751 -2.3870512958808447 -1.6482784248275022 

Next Matrix:
Width: 5
Height: 1
-2.501241102152477 -1.8980755666373976 1.591017200948478 -0.6109947698463871 1.8607896044593764 

Next Network:

Width: 3
Height: 4
-3.44753177638676 3.8670841432714527 1.5028190810456383 
-0.5514461691112318 3.7975785329836698 -0.0017175538563332093 
0.4713551658895321 -0.6613480432656458 -2.9167086434970235 
0.6083258039830495 -3.1024308371775016 -1.175402676041087 

Next Matrix:
Width: 5
Height: 1
-3.590256841869836 -1.2685254241771744 -0.5275475502231457 -1.7424269072661687 4.292997099565626 

Next Network:

Width: 3
Height: 4
-0.4459642034210869 5.862114385150306 1.0946444148264944 
0.8771932398551547 2.2318531570453506 -1.649096547316241 
2.258889622856656 0.39539717419947107 1.8205400120408628 
-1.9132898497302497 -2.9012914466891964 -0.1376447104602314 

Next Matrix:
Width: 5
Height: 1
-3.832676421089955 0.37108932840100906 0.19335908498788834 -3.1614659451333207 4.014523582656211 

Next Network:

Width: 3
Height: 4
-2.5988340624630126 2.5283112928956832 2.882598233901576 
-0.14936965655362133 1.1361097646483391 1.1024266226468729 
-0.2197320495610724 0.68612829145504 -0.5992618867002864 
-2.1849929561715418 -3.905423493526618 -0.2976174246352776 

Next Matrix:
Width: 5
Height: 1
-3.3560249898559205 -2.9748196487038543 4.495420837818077 -2.1096647693378303 3.298934423655095 

Next Network:

Width: 3
Height: 4
-4.410603030219107 3.5630611214627557 2.419662526415133 
0.3099077551978371 4.819003736940505 1.377976737922659 
-1.0211003182307712 0.19404424200910353 -1.340809412431332 
0.021841877899251072 -3.087160352490759 -1.175402676041087 

Next Matrix:
Width: 5
Height: 1
-3.807710608349715 -2.0635716867414815 -0.6286682565132511 -0.7697307860479794 4.572289017873487 

Next Network:

Width: 3
Height: 4
-1.215424049554108 5.035689333123719 1.0946444148264944 
0.8771932398551547 1.996224609130918 -0.9042395513327977 
2.258889622856656 0.39539717419947107 1.8205400120408628 
-2.791504403137468 -2.9012914466891964 -0.852689715156487 

Next Matrix:
Width: 5
Height: 1
-3.333728208353328 -0.21389916270460319 0.8101821309144603 -3.1614659451333207 3.608271409711141 

Next Network:

Width: 3
Height: 4
-1.1488183594488193 5.858723150443917 1.080604481177384 
-0.003417038749571555 1.8016224023066632 -1.646337934470254 
1.507582410723252 1.4707007814312176 1.8205400120408628 
-2.0391810568589275 -2.172945709128372 -0.6624843299048679 

Next Matrix:
Width: 5
Height: 1
-3.832676421089955 0.23401430689279623 0.12007041726807954 -4.014978441596077 4.364563140301655 

Next Network:

Width: 3
Height: 4
-4.027478809385997 2.5283112928956832 3.420034067351003 
0.3410239415759384 -0.2740524100466253 1.1024266226468729 
-1.0920158949235614 1.3536487544994031 -0.22896359095714836 
-2.1760201707741116 -3.905423493526618 -0.6013946632869263 

Next Matrix:
Width: 5
Height: 1
-4.307975135051876 -2.902794362823175 4.495420837818077 -0.6912582604406354 2.8644640478822634 

Next Network:

Width: 3
Height: 4
-1.9928731106783197 2.8295344414851646 3.5535008818282114 
0.7979688428314533 2.148147921504968 0.7972756318061567 
-0.7547344029005627 2.9569109298629277 0.2984500356447819 
-0.6148993940522751 -1.491471357277022 -0.8576566460528696 

Next Matrix:
Width: 5
Height: 1
-2.224189698223716 -1.8980755666373976 2.159399652525441 -0.6109947698463871 1.8607896044593764 

Next Network:

Width: 3
Height: 4
-0.6806575244714104 2.848260123190693 1.7977433389413344 
1.2956586084806 2.337649268288069 0.1391340689438889 
1.0372328451290065 -0.529922169078417 -1.4486997756437436 
-2.2542333207875274 -0.610019391580434 -0.8980921186394035 

Next Matrix:
Width: 5
Height: 1
-3.487311351125564 -1.0845553208357979 1.8413269656350606 -1.7994272550600343 4.4208976390740835 

Next Network:

Width: 3
Height: 4
-4.161833727026355 2.7493983919884886 6.034958356571377 
1.1685519521106815 0.9336337942105366 0.19945259143463034 
-1.5138167199439205 0.8216299674911358 2.910544488782601 
-1.9564958311919771 -2.6206114923682993 0.3746234206372365 

Next Matrix:
Width: 5
Height: 1
-0.8042361356663501 -0.7116075644164261 -0.3123730082501661 -1.6060187352066295 2.2331247910482297 

Next Network:

Width: 3
Height: 4
-4.410603030219107 3.5630611214627557 2.419662526415133 
0.3099077551978371 4.819003736940505 1.377976737922659 
-1.0211003182307712 0.19404424200910353 -1.340809412431332 
0.021841877899251072 -3.087160352490759 -1.175402676041087 

Next Matrix:
Width: 5
Height: 1
-3.807710608349715 -2.0635716867414815 -0.6286682565132511 -0.7697307860479794 4.572289017873487 

Next Network:

Width: 3
Height: 4
-2.8173454831298286 3.4233657629222156 1.7509969964531007 
-1.1987023029648578 2.9685841089284413 0.18461849277345221 
1.7711988169796469 1.1255476901727817 -0.49793550614002413 
-0.7527040019773643 -2.393219129784063 -1.3191750922331817 

Next Matrix:
Width: 5
Height: 1
-2.344864499162176 -0.20790614272999353 0.23467611028850377 -2.1323872110361477 2.5941446755130624 

Next Network:

Width: 3
Height: 4
-3.5362082081995934 3.4233657629222156 2.014704089612122 
-1.1987023029648578 3.227569037536826 -0.4112291297968098 
1.038522899281193 0.2715911020472044 -1.340809412431332 
-0.7527040019773643 -2.5676239300557158 -1.5102955636576954 

Next Matrix:
Width: 5
Height: 1
-3.153982870890565 -1.0214439608555335 -0.5650415854988526 -2.084371946284781 3.509811473200904 

Next Network:

Width: 3
Height: 4
-1.1488183594488193 5.858723150443917 1.080604481177384 
-0.003417038749571555 1.8016224023066632 -1.646337934470254 
1.507582410723252 1.4707007814312176 1.8205400120408628 
-2.0391810568589275 -2.172945709128372 -0.6624843299048679 

Next Matrix:
Width: 5
Height: 1
-3.832676421089955 0.23401430689279623 0.12007041726807954 -4.014978441596077 4.364563140301655 

Next Network:

Width: 3
Height: 4
-2.4702787544433376 3.7420736357181914 3.1584607613087257 
0.7944380100977868 1.607185768301639 -1.117358217003737 
0.36580490335218907 -0.025532100655401457 -1.8579502096659295 
-1.2786068025031179 -1.486089549560324 -0.8192864231969084 

Next Matrix:
Width: 5
Height: 1
-4.9064245354614595 -2.738171447613091 3.40138445539836 -0.9921305722218481 5.345199869708958 

Next Network:

Width: 3
Height: 4
-3.4333651466313517 2.5283112928956832 2.882598233901576 
-0.14936965655362133 1.1361097646483391 1.1024266226468729 
-0.9036043495090609 1.4872331877496054 -0.5992618867002864 
-2.2743859460421665 -3.905423493526618 0.5321437102612114 

Next Matrix:
Width: 5
Height: 1
-3.1734249802883623 -2.929041832939823 4.495420837818077 -1.5821596566191631 2.69594851255475 

Next Network:

Width: 3
Height: 4
-3.1013616316900343 1.7768134659671422 6.395980803366712 
1.1226001534706271 -0.6148224809267115 2.277418684329403 
3.171166013984811 1.5689087844503682 3.410939363576192 
2.547907818350229 -2.598200655494847 1.8341345115595376 

Next Matrix:
Width: 5
Height: 1
-0.3682295729293501 -5.0214134332520945 3.9212430378808953 -0.973546734395228 3.1018006445359605 

Next Network:

Width: 3
Height: 4
-0.6094950220317721 5.3986593631005535 1.0946444148264944 
0.5731941258502216 1.8751046173774757 -2.2438519041947043 
1.2745578181890707 1.1026496233725631 2.1546849622245086 
-1.9132898497302497 -2.6808213403625913 -0.1376447104602314 

Next Matrix:
Width: 5
Height: 1
-4.457492369610925 0.23401430689279623 0.19335908498788834 -3.1614659451333207 3.7728270691916483 

Next Network:

Width: 3
Height: 4
-4.161833727026355 2.7493983919884886 6.034958356571377 
1.1685519521106815 0.9336337942105366 0.19945259143463034 
-1.5138167199439205 0.8216299674911358 2.910544488782601 
-1.9564958311919771 -2.6206114923682993 0.3746234206372365 

Next Matrix:
Width: 5
Height: 1
-0.8042361356663501 -0.7116075644164261 -0.3123730082501661 -1.6060187352066295 2.2331247910482297 

Next Network:

Width: 3
Height: 4
-2.4702787544433376 3.7420736357181914 3.1584607613087257 
0.7944380100977868 1.607185768301639 -1.117358217003737 
0.36580490335218907 -0.025532100655401457 -1.8579502096659295 
-1.2786068025031179 -1.486089549560324 -0.8192864231969084 

Next Matrix:
Width: 5
Height: 1
-4.9064245354614595 -2.738171447613091 3.40138445539836 -0.9921305722218481 5.345199869708958 

Next Network:

Width: 3
Height: 4
-3.4333651466313517 2.5283112928956832 2.882598233901576 
-0.14936965655362133 1.1361097646483391 1.1024266226468729 
-0.9036043495090609 1.3344126336590587 -0.5107070066379897 
-2.2743859460421665 -3.905423493526618 0.8010363244594438 

Next Matrix:
Width: 5
Height: 1
-3.2884161421311604 -3.549680900567421 4.9253291081240835 -1.5821596566191631 2.69594851255475 

Next Network:

Width: 3
Height: 4
-3.3593981398321144 3.701528877849495 2.7839948755925192 
-0.6303524160810245 1.1230040310459024 -1.117358217003737 
0.19247394899755954 -0.7895858832651186 -0.8397576943323533 
-0.6273534887453049 -1.8582505843408106 -0.6865782723499911 

Next Matrix:
Width: 5
Height: 1
-4.770722812566538 -2.310399161928649 3.051751694298749 -0.10782409070063625 5.200340761391273 

Next Network:

Width: 3
Height: 4
-0.3928819453160337 5.721567218023799 1.0190062125776176 
0.5098715789429478 2.2318531570453506 -1.311077163775649 
1.3715128783996784 0.8206348176653186 1.7513982903277452 
-1.936374747331692 -3.074767745474479 -0.5540232383871893 

Next Matrix:
Width: 5
Height: 1
-5.140851055476772 -0.504623384911856 -0.038624266733769286 -3.1067959643357606 3.6571544032341707 

Next Network:

Width: 3
Height: 4
-3.2628056429730536 2.4357286098531565 3.2280956317421032 
1.1574972553032188 1.6920120527113118 1.0711375280752233 
0.6191842680314581 1.7332441454152474 1.091966392380214 
-0.14942701833879202 -4.127050031002888 -1.9985851603184386 

Next Matrix:
Width: 5
Height: 1
-2.0779705233666173 -1.2621953125480323 2.1510653762932037 -1.011521983278734 2.095754556585095 

Next Network:

Width: 3
Height: 4
-4.842776913935632 2.7283176168144925 6.034958356571377 
1.1685519521106815 1.5341367780588777 0.8104312329805026 
-1.5138167199439205 0.8216299674911358 2.910544488782601 
-1.9564958311919771 -2.264747905434877 0.8239835259273285 

Next Matrix:
Width: 5
Height: 1
-0.8042361356663501 -0.7116075644164261 0.11385513786764312 -1.084892992497004 2.2331247910482297 

Next Network:

Width: 3
Height: 4
0.6117939291030989 1.4873280758435612 1.8051940807036606 
3.276180445364969 1.279541483017831 3.549717228374135 
2.141455700487131 -0.7549294066719516 0.5254100364244709 
-0.5790514670588354 -6.4590571499858145 2.0478168443876115 

Next Matrix:
Width: 5
Height: 1
-1.236116115620881 -2.178696199298038 2.7706203555965994 -0.6197283142264505 1.0576061188163082 

Next Network:

Width: 3
Height: 4
-3.2628056429730536 2.4357286098531565 3.2280956317421032 
1.1574972553032188 2.45948171511107 1.0760985871044941 
1.2320321077013459 2.090798111260512 1.091966392380214 
-0.14942701833879202 -3.905950158642534 -1.3718819144134085 

Next Matrix:
Width: 5
Height: 1
-2.5661423802320944 -1.8770256196432689 2.1510653762932037 -1.011521983278734 2.144133847163351 

Next Network:

Width: 3
Height: 4
-2.4702787544433376 3.7420736357181914 3.1584607613087257 
0.7944380100977868 1.607185768301639 -1.117358217003737 
0.36580490335218907 -0.025532100655401457 -1.8579502096659295 
-1.2786068025031179 -1.486089549560324 -0.8192864231969084 

Next Matrix:
Width: 5
Height: 1
-4.9064245354614595 -2.738171447613091 3.40138445539836 -0.9921305722218481 5.345199869708958 

Next Network:

Width: 3
Height: 4
-4.366896206271254 3.0198195233107707 3.955263779056992 
0.3410239415759384 -0.2740524100466253 1.0923021478071453 
-1.0920158949235614 0.8203103656453499 -0.7349141658179013 
-1.2662813611997261 -3.905423493526618 -0.4846810995581756 

Next Matrix:
Width: 5
Height: 1
-4.982718227094205 -2.734673316006222 3.779878805231168 -0.44957755033998104 2.8644640478822634 

Next Network:

Width: 3
Height: 4
-3.1013616316900343 1.7768134659671422 6.9222611914386345 
1.4430276939339088 0.19858817669032192 1.456587952213906 
4.616031146759446 0.31679424826480806 4.373357299678287 
1.5503749079573967 -2.598200655494847 0.985941401456826 

Next Matrix:
Width: 5
Height: 1
-0.17590741358649886 -5.0214134332520945 3.159411059846076 -1.9948539945123165 2.337586441256455 

Next Network:

Width: 3
Height: 4
-4.042671242474549 3.956172311150048 1.6152684427882247 
-1.003067766360896 3.1137264120043193 -0.86647433597135 
0.36023327121771365 0.6876878526630348 -2.0156368269788065 
0.009264253974865966 -1.7615064856488138 -0.25703419227573 

Next Matrix:
Width: 5
Height: 1
-3.721637320651756 -0.9961578936183502 0.4084977476799656 -0.04113694629690823 4.197277805788335 

Next Network:

Width: 3
Height: 4
-3.1013616316900343 1.7768134659671422 6.9222611914386345 
1.4430276939339088 0.19858817669032192 1.456587952213906 
4.616031146759446 0.31679424826480806 4.373357299678287 
1.5503749079573967 -2.598200655494847 0.985941401456826 

Next Matrix:
Width: 5
Height: 1
-0.17590741358649886 -5.0214134332520945 3.159411059846076 -1.9948539945123165 2.337586441256455 

Next Network:

Width: 3
Height: 4
-3.751215593154455 3.5630611214627557 2.0578350203635614 
0.3099077551978371 4.400703932000111 1.377976737922659 
-1.0211003182307712 0.19404424200910353 -0.49381751176998834 
-0.3109791460208202 -3.5984786654551195 -1.669930776484933 

Next Matrix:
Width: 5
Height: 1
-3.807710608349715 -2.0635716867414815 -0.6286682565132511 -0.7697307860479794 4.572289017873487 

Next Network:

Width: 3
Height: 4
-3.5362082081995934 3.4233657629222156 2.801248812954765 
-0.9061856342519177 3.227569037536826 -1.3434892188935192 
1.038522899281193 1.205281175454351 -1.340809412431332 
0.24432060742326867 -3.300809744856582 -1.5102955636576954 

Next Matrix:
Width: 5
Height: 1
-2.4864313564168077 -1.0214439608555335 -0.13671947724491806 -2.084371946284781 3.188721367478464 

Next Network:

Width: 3
Height: 4
-3.2628056429730536 2.4357286098531565 3.2280956317421032 
1.1574972553032188 2.45948171511107 1.0760985871044941 
1.2320321077013459 2.090798111260512 1.091966392380214 
-0.14942701833879202 -3.905950158642534 -1.3718819144134085 

Next Matrix:
Width: 5
Height: 1
-2.5661423802320944 -1.8770256196432689 2.1510653762932037 -1.011521983278734 2.144133847163351 

Next Network:

Width: 3
Height: 4
-0.4459642034210869 5.862114385150306 1.0946444148264944 
0.8771932398551547 2.2318531570453506 -1.649096547316241 
2.258889622856656 0.39539717419947107 1.8205400120408628 
-1.9132898497302497 -2.9012914466891964 -0.1376447104602314 

Next Matrix:
Width: 5
Height: 1
-3.832676421089955 0.37108932840100906 0.19335908498788834 -3.1614659451333207 4.014523582656211 

Next Network:

Width: 3
Height: 4
-3.5026150489809718 1.9013989162440672 3.8377166699930836 
0.5370790448011586 1.1361097646483391 0.3567369074391693 
0.621308858024235 -0.3034016655849594 -0.2821873927744458 
-2.9454772638782165 -4.3890009183635 -2.1224805623410257 

Next Matrix:
Width: 5
Height: 1
-2.809673592546565 -2.601969283983486 3.695099305523302 -3.370811216928309 3.0862986252460116 

Next Network:

Width: 3
Height: 4
-0.6806575244714104 2.860405628007881 1.9415400512412113 
1.2956586084806 2.337649268288069 0.1391340689438889 
0.2299771803468651 -1.246194809736768 -0.5618670401612325 
-2.2542333207875274 -0.610019391580434 -0.8980921186394035 

Next Matrix:
Width: 5
Height: 1
-3.487311351125564 -1.7365510842725207 1.8413269656350606 -1.496405751382408 4.4208976390740835 

Next Network:

Width: 3
Height: 4
0.22787447666658744 5.206392021053739 0.7625301982043668 
0.7422245870906932 2.2318531570453506 -0.6902805045103164 
2.258889622856656 -0.19609396544094126 0.9455006620450581 
-1.275808617197896 -2.9012914466891964 0.10358413977774594 

Next Matrix:
Width: 5
Height: 1
-3.832676421089955 -0.08068674160668299 -0.31069584960412966 -3.619702674878675 4.014523582656211 

Next Network:

Width: 3
Height: 4
-4.027478809385997 2.5283112928956832 3.420034067351003 
0.3410239415759384 -0.2740524100466253 1.1024266226468729 
-1.0920158949235614 1.3536487544994031 -0.22896359095714836 
-2.1760201707741116 -3.905423493526618 -0.6013946632869263 

Next Matrix:
Width: 5
Height: 1
-4.307975135051876 -2.902794362823175 4.495420837818077 -0.6912582604406354 2.8644640478822634 

Next Network:

Width: 3
Height: 4
-0.29213989818117336 5.721567218023799 1.0946444148264944 
0.39560457444693764 2.2318531570453506 -1.649096547316241 
1.3715128783996784 0.8206348176653186 1.7513982903277452 
-1.4811392667754746 -2.6808213403625913 -0.5540232383871893 

Next Matrix:
Width: 5
Height: 1
-4.473642722147801 0.23401430689279623 0.19335908498788834 -3.1067959643357606 4.3863929874156655 

Next Network:

Width: 3
Height: 4
-4.2604114486810785 4.344957438653959 1.7533709873173562 
-1.3081600076109736 3.2601641364025493 -1.2273184076833077 
-0.3630686510813783 0.2715911020472044 -1.593206811974234 
-0.4621887881800888 -2.5676239300557158 -1.4249163577527568 

Next Matrix:
Width: 5
Height: 1
-4.050875560657653 -0.8104048867454576 0.6412169186958192 -1.7899826024205028 4.331569207049976 

Next Network:

Width: 3
Height: 4
-3.3593981398321144 3.701528877849495 2.7839948755925192 
-0.6303524160810245 1.1230040310459024 -1.117358217003737 
0.19247394899755954 -0.7895858832651186 -0.8397576943323533 
-0.6273534887453049 -1.8582505843408106 -0.6865782723499911 

Next Matrix:
Width: 5
Height: 1
-4.770722812566538 -2.310399161928649 3.051751694298749 -0.10782409070063625 5.200340761391273 

Next Network:

Width: 3
Height: 4
-4.027478809385997 2.5283112928956832 3.420034067351003 
0.3410239415759384 -0.2740524100466253 1.1024266226468729 
-1.0920158949235614 1.3536487544994031 -0.22896359095714836 
-2.1760201707741116 -3.905423493526618 -0.6013946632869263 

Next Matrix:
Width: 5
Height: 1
-4.307975135051876 -2.902794362823175 4.495420837818077 -0.6912582604406354 2.8644640478822634 

Next Network:

Width: 3
Height: 4
-4.042671242474549 3.956172311150048 1.6152684427882247 
-1.003067766360896 3.1137264120043193 -0.86647433597135 
0.36023327121771365 0.6876878526630348 -2.0156368269788065 
0.009264253974865966 -1.7615064856488138 -0.25703419227573 

Next Matrix:
Width: 5
Height: 1
-3.721637320651756 -0.9961578936183502 0.4084977476799656 -0.04113694629690823 4.197277805788335 

Next Network:

Width: 3
Height: 4
-1.8479658262105776 -1.1128197788938186 -0.561928739033543 
1.102940074504969 1.067341543291005 2.934070270761983 
0.4563351730632059 3.971832967832499 -0.46670471415948644 
-0.5954808703851169 2.874073563842733 2.2654297119749334 

Next Matrix:
Width: 5
Height: 1
-2.0823703627101278 -0.5107924495818152 1.164313957613465 -0.3194029377766088 1.8469738591790665 

Next Network:

Width: 3
Height: 4
-0.931840113240374 5.540131147920208 0.46454370807152023 
0.3538373212937189 3.1427026168325747 -1.1327369218449646 
1.7846700478467235 0.1802371369024054 1.7513982903277452 
-2.0194524991006815 -3.2907161901068065 -0.5540232383871893 

Next Matrix:
Width: 5
Height: 1
-4.979387175206071 0.23401430689279623 0.46342290932414354 -3.1576296666480532 4.406681649735583 

Next Network:

Width: 3
Height: 4
-4.042671242474549 3.0628901335627647 1.6484918657772187 
-1.003067766360896 3.1137264120043193 -1.2541194209979465 
-0.08178191917462296 0.13763395220783892 -2.0156368269788065 
-0.685402822904775 -1.7615064856488138 -1.0094841612593757 

Next Matrix:
Width: 5
Height: 1
-3.8735950094858103 -1.451634864260115 0.4084977476799656 -0.04113694629690823 4.279263648674332 

Next Network:

Width: 3
Height: 4
-3.5362082081995934 3.081011501616886 2.8282702522429175 
-1.4810669263520646 3.227569037536826 -1.9749144345281542 
1.038522899281193 1.205281175454351 -1.340809412431332 
0.24432060742326867 -4.093547978227973 -0.904995734544684 

Next Matrix:
Width: 5
Height: 1
-2.9034426541173666 -1.0214439608555335 -0.13671947724491806 -2.084371946284781 2.7542794094803353 

Next Network:

Width: 3
Height: 4
-1.513474154395176 2.8295344414851646 3.5553572701137854 
0.9743080498054544 1.8623940335899283 1.2609175756452384 
-0.7547344029005627 2.9569109298629277 0.2984500356447819 
-0.6148993940522751 -2.3870512958808447 -0.7080703922256544 

Next Matrix:
Width: 5
Height: 1
-2.9198446785773897 -1.1582607070135003 0.6712552352088299 -0.6109947698463871 2.3451059163928587 

Next Network:

Width: 3
Height: 4
-3.6183971034263958 3.7689274091213143 1.5028190810456383 
-0.9681146085266166 2.9486292615202765 -0.0017175538563332093 
0.4713551658895321 -0.6613480432656458 -2.6289416787125726 
0.46838728977267596 -2.599845807719017 -1.175402676041087 

Next Matrix:
Width: 5
Height: 1
-3.590256841869836 -1.2685254241771744 -0.581799654305718 -1.7424269072661687 3.6700983171645287 

Next Network:

Width: 3
Height: 4
-0.27509338412562134 6.733460707773059 1.0946444148264944 
0.8771932398551547 2.2786396176693664 -1.649096547316241 
2.258889622856656 -0.5301386904326912 1.8205400120408628 
-1.9132898497302497 -2.1459794857390166 0.8289161990336673 

Next Matrix:
Width: 5
Height: 1
-3.832676421089955 0.37108932840100906 0.19335908498788834 -2.379649316294436 3.261962399971099 

Next Network:

Width: 3
Height: 4
-3.0190301404974123 2.181842663174722 2.882598233901576 
-1.125497536131532 0.3351902556286437 1.7658656321006114 
-1.182897717326621 0.68612829145504 -0.5992618867002864 
-2.986720040483121 -3.905423493526618 -1.0050823248689595 

Next Matrix:
Width: 5
Height: 1
-3.3560249898559205 -2.9748196487038543 3.503296907926752 -2.117790302761391 3.51051359822349 

Next Network:

Width: 3
Height: 4
-4.410603030219107 3.5630611214627557 1.6499796981370038 
0.3099077551978371 5.173864476872389 0.9408534355035445 
-1.0211003182307712 0.19404424200910353 -0.7894484983076131 
-0.5408878806137039 -3.087160352490759 -1.175402676041087 

Next Matrix:
Width: 5
Height: 1
-3.961015545676487 -1.4487499996796667 -0.6286682565132511 0.12776671740634016 5.425241930417982 

Next Network:

Width: 3
Height: 4
-1.2157527429438242 5.4645236007846565 0.7614303828089377 
1.7436524149648773 2.7455365902856337 0.0805630534975561 
2.258889622856656 0.39539717419947107 1.8205400120408628 
-2.791504403137468 -3.036628637308583 -0.4159369096657113 

Next Matrix:
Width: 5
Height: 1
-3.333728208353328 -0.21389916270460319 0.8101821309144603 -3.276659700050728 3.608271409711141 

Next Network:

Width: 3
Height: 4
-1.9673635681332031 5.858723150443917 0.7233968709231622 
-0.1425518503614267 1.8016224023066632 -1.646337934470254 
1.507582410723252 1.4707007814312176 1.8205400120408628 
-2.0391810568589275 -2.0992504049626444 -0.6624843299048679 

Next Matrix:
Width: 5
Height: 1
-3.832676421089955 -0.13405111732402086 0.12007041726807954 -3.0524776219899623 5.052801116106178 

Next Network:

Width: 3
Height: 4
-4.027478809385997 2.8173747782194702 4.075140841359025 
0.3410239415759384 -0.2740524100466253 0.2314594384378783 
-1.0920158949235614 1.6219022109834929 -0.22896359095714836 
-2.1760201707741116 -3.3619647691766312 -0.7748161957265172 

Next Matrix:
Width: 5
Height: 1
-4.307975135051876 -2.902794362823175 5.469346752877328 -0.5945275247959869 3.273698710983769 

Next Network:

Width: 3
Height: 4
-1.4060162526881335 3.2053285355805032 4.308473806541063 
0.7979688428314533 1.512366178989693 0.7972756318061567 
-0.7547344029005627 2.870267944599753 0.024600791622921614 
-1.0731986825751787 -1.6996285508700255 -0.390286321414804 

Next Matrix:
Width: 5
Height: 1
-2.224189698223716 -1.8980755666373976 2.159399652525441 -0.8937722502587453 1.926260912320186 

Next Network:

Width: 3
Height: 4
-1.0308334341345524 2.848260123190693 1.1232260439364394 
1.3367315356948806 1.857966667494455 0.1391340689438889 
1.0372328451290065 -0.11411339809526067 -1.6253870132583323 
-2.2542333207875274 -0.2556936792610438 -0.8980921186394035 

Next Matrix:
Width: 5
Height: 1
-3.104930529923281 -1.7774172534546862 2.7042499801854616 -1.7994272550600343 4.4208976390740835 

Next Network:

Width: 3
Height: 4
-3.193646725112712 2.7493983919884886 5.305437000849704 
1.5288125165067061 0.9336337942105366 0.19945259143463034 
-1.5138167199439205 0.8216299674911358 2.910544488782601 
-1.980418660309389 -2.408910805817695 0.3746234206372365 

Next Matrix:
Width: 5
Height: 1
0.054851304420328706 -0.012767366810520375 -1.2702079243411917 -1.7032694426195807 2.2331247910482297 

Next Network:

Width: 3
Height: 4
-4.410603030219107 2.6300383203275035 2.419662526415133 
-0.390595217193638 5.480045252002481 1.377976737922659 
-1.9361582317787007 0.19404424200910353 -1.340809412431332 
0.5490452698730783 -3.087160352490759 -1.8228237794082016 

Next Matrix:
Width: 5
Height: 1
-3.807710608349715 -2.0635716867414815 -0.6286682565132511 -0.7697307860479794 3.681905803651568 

Next Network:

Width: 3
Height: 4
-2.8173454831298286 2.6802742555341754 1.7509969964531007 
-1.9624114962757213 2.176367899367905 0.33720776792213725 
1.0222084729557361 1.1255476901727817 -0.49793550614002413 
-1.318679244596913 -2.393219129784063 -1.3191750922331817 

Next Matrix:
Width: 5
Height: 1
-1.5619454977036764 -0.07267425594381383 0.23467611028850377 -2.1323872110361477 2.60286794423718 

Next Network:

Width: 3
Height: 4
-3.199240314072077 3.4233657629222156 2.014704089612122 
-0.9553496802113355 3.227569037536826 -1.0698253831205562 
1.2426297798420423 0.3487364900669301 -1.340809412431332 
-1.699091273540187 -2.5676239300557158 -1.1486417065812573 

Next Matrix:
Width: 5
Height: 1
-4.145867400345033 -1.0214439608555335 -0.5650415854988526 -1.9924497413035174 3.509811473200904 

Next Network:

Width: 3
Height: 4
-1.3293652893944374 5.858723150443917 1.080604481177384 
-0.003417038749571555 1.7427083216738406 -0.7380546463002047 
1.507582410723252 1.4707007814312176 1.62117946448734 
-1.6694664470638663 -2.172945709128372 -0.6624843299048679 

Next Matrix:
Width: 5
Height: 1
-3.832676421089955 0.23401430689279623 0.12007041726807954 -4.014978441596077 3.537431212655462 

Next Network:

Width: 3
Height: 4
-3.453529948463718 2.7977316607564413 2.214213516234061 
0.7944380100977868 1.7081179416086365 -1.117358217003737 
1.3228478558609202 -0.025532100655401457 -1.8579502096659295 
-0.4766038503155843 -2.4328522877443275 -0.458766611304676 

Next Matrix:
Width: 5
Height: 1
-4.33313226661131 -2.738171447613091 3.9851813801111193 -0.743785481427168 5.345199869708958 

Next Network:

Width: 3
Height: 4
-4.290322987367839 2.5926660124978285 2.616349718866351 
-0.14936965655362133 0.6917246675734154 1.1024266226468729 
-1.139097955208589 1.8864174817154318 -1.467498683687724 
-2.2743859460421665 -4.510083984266432 0.5321437102612114 

Next Matrix:
Width: 5
Height: 1
-3.51266627029718 -3.0168435260106206 4.558225432629376 -0.9365879007062579 2.5395233736697795 

Next Network:

Width: 3
Height: 4
-3.1013616316900343 1.7768134659671422 6.395980803366712 
0.5862221703044384 -0.6148224809267115 1.5461089219545363 
3.171166013984811 1.5689087844503682 3.410939363576192 
2.443674379571653 -2.3824749589643557 1.8341345115595376 

Next Matrix:
Width: 5
Height: 1
-0.3682295729293501 -4.447875401747071 3.9212430378808953 -1.0994868579503412 2.238760055236124 

Next Network:

Width: 3
Height: 4
-0.6094950220317721 5.419354526465614 0.3189115353995966 
0.2609567761828602 2.8343115098379537 -1.3463573308991619 
0.8956408614863811 1.1026496233725631 1.8426898579176079 
-2.2301193400015067 -2.6808213403625913 0.2485507776258804 

Next Matrix:
Width: 5
Height: 1
-4.457492369610925 0.23401430689279623 0.8065943748554851 -2.700714485960213 3.7728270691916483 

Next Network:

Width: 3
Height: 4
-4.161833727026355 2.7493983919884886 6.034958356571377 
1.1685519521106815 0.9336337942105366 0.19945259143463034 
-1.5138167199439205 1.4944131556056162 2.6570225127325617 
-1.9564958311919771 -3.434109001016464 0.3746234206372365 

Next Matrix:
Width: 5
Height: 1
-0.40252739594267606 -0.27568977588208754 -0.3123730082501661 -2.317372331492418 2.5968153396014277 

Next Network:

Width: 3
Height: 4
-2.4702787544433376 3.7420736357181914 3.4254468124069004 
0.7944380100977868 1.3131523597073536 -1.117358217003737 
0.05889764826043464 0.37094849451496614 -1.8579502096659295 
-1.2786068025031179 -1.486089549560324 -0.4167131460159619 

Next Matrix:
Width: 5
Height: 1
-5.538316674427952 -2.738171447613091 3.40138445539836 -0.9921305722218481 5.345199869708958 

Next Network:

Width: 3
Height: 4
-3.4333651466313517 1.7578095929616502 2.882598233901576 
-0.14936965655362133 2.0625387351989932 0.2102145151176562 
-1.562020221716763 1.3344126336590587 -0.5107070066379897 
-2.9338674294100153 -4.1241953519423795 0.8010363244594438 

Next Matrix:
Width: 5
Height: 1
-3.2884161421311604 -3.549680900567421 4.9253291081240835 -1.5821596566191631 2.69594851255475 

Next Network:

Width: 3
Height: 4
-3.3593981398321144 3.701528877849495 2.2966153040565382 
-0.6303524160810245 1.1230040310459024 -1.117358217003737 
0.19247394899755954 -0.7895858832651186 -0.8397576943323533 
-1.1905149210477548 -1.8582505843408106 -0.468222705674753 

Next Matrix:
Width: 5
Height: 1
-4.770722812566538 -1.3389914780141976 2.94391493837312 0.2453714239387259 5.260022042005949 

Next Network:

Width: 3
Height: 4
0.14294458223660178 5.697577844873797 1.0190062125776176 
0.5098715789429478 1.3642045003239145 -1.948446962210657 
1.3715128783996784 0.8206348176653186 1.3450671282304911 
-1.936374747331692 -2.159036880119694 -0.7790506872576874 

Next Matrix:
Width: 5
Height: 1
-5.869045318462272 -0.504623384911856 -0.038624266733769286 -3.1067959643357606 3.6571544032341707 

Next Network:

Width: 3
Height: 4
-3.3398611519025723 2.4357286098531565 3.2280956317421032 
0.9460007852902226 2.430366450856023 1.0711375280752233 
0.719851715436991 1.752642976227391 1.091966392380214 
0.40492777322539064 -4.127050031002888 -1.9985851603184386 

Next Matrix:
Width: 5
Height: 1
-1.0864184732191737 -0.8294129090088762 3.0420272982522327 -1.011521983278734 1.507911656314674 

Next Network:

Width: 3
Height: 4
-4.842776913935632 2.7283176168144925 6.503112374083301 
1.1685519521106815 1.5341367780588777 1.7336111860919374 
-2.3613343469491404 0.8216299674911358 2.910544488782601 
-1.9564958311919771 -2.264747905434877 0.8239835259273285 

Next Matrix:
Width: 5
Height: 1
-0.8042361356663501 -1.5440910200883888 -0.7100709035065256 -1.084892992497004 2.2331247910482297 

Next Network:

Width: 3
Height: 4
0.6117939291030989 0.8938767966889845 1.8051940807036606 
3.276180445364969 1.279541483017831 4.333168177187524 
2.141455700487131 -0.7549294066719516 0.5254100364244709 
-0.5790514670588354 -6.838342143607797 2.9088904677474106 

Next Matrix:
Width: 5
Height: 1
-0.8017571678385074 -2.178696199298038 2.7706203555965994 -0.6197283142264505 1.76392173201963 

Next Network:

Width: 3
Height: 4
-2.45176929035406 2.2965280866966893 3.2280956317421032 
0.861986790872568 2.45948171511107 1.0760985871044941 
1.2320321077013459 2.090798111260512 1.091966392380214 
0.6929147126847177 -3.505273023865933 -1.3718819144134085 

Next Matrix:
Width: 5
Height: 1
-2.8387968052480597 -2.8241948270973074 2.2322515281284465 -1.011521983278734 2.144133847163351 

Next Network:

Width: 3
Height: 4
-2.4702787544433376 3.7420736357181914 3.1584607613087257 
0.5290934717480116 1.607185768301639 -0.40406197328207694 
0.36580490335218907 0.2854699785814596 -1.8579502096659295 
-1.2786068025031179 -1.486089549560324 -0.8982345439343125 

Next Matrix:
Width: 5
Height: 1
-4.9064245354614595 -2.738171447613091 3.40138445539836 -0.9921305722218481 5.345199869708958 

Next Network:

Width: 3
Height: 4
-3.9903162154339737 2.98901482588768 3.633274901563466 
0.3410239415759384 -0.6535599838003343 1.5127868236471596 
-1.2221505105359463 0.8334905563019013 0.1806394650299088 
-1.2662813611997261 -4.062285152791597 0.31220515110472946 

Next Matrix:
Width: 5
Height: 1
-4.982718227094205 -2.734673316006222 3.779878805231168 -0.45566732509361163 2.303120963474673 

Next Network:

Width: 3
Height: 4
-3.6603502659317466 2.451314998722408 7.361089394799745 
1.4430276939339088 0.19858817669032192 1.4232329617421158 
4.616031146759446 0.9200863161387274 4.373357299678287 
1.5503749079573967 -2.598200655494847 0.7009852283427493 

Next Matrix:
Width: 5
Height: 1
0.484090436290076 -5.0214134332520945 2.3967586430166365 -1.9948539945123165 2.337586441256455 

Next Network:

Width: 3
Height: 4
-4.042671242474549 4.663726397713197 1.5641953283420549 
-0.8606053060795413 3.1137264120043193 -0.86647433597135 
0.38989413672896056 0.6876878526630348 -2.9118612337696383 
0.009264253974865966 -2.7533641082279603 -0.25703419227573 

Next Matrix:
Width: 5
Height: 1
-3.642161923907157 -0.9961578936183502 0.4084977476799656 -0.04113694629690823 4.570958790556084 

Next Network:

Width: 3
Height: 4
-3.1013616316900343 1.7768134659671422 6.9222611914386345 
1.4430276939339088 0.19858817669032192 0.5195644572036198 
4.010682894623351 1.2757842726134832 4.373357299678287 
1.5503749079573967 -2.598200655494847 0.985941401456826 

Next Matrix:
Width: 5
Height: 1
-0.17590741358649886 -5.0214134332520945 3.159411059846076 -2.119562596730487 3.293801460912409 

Next Network:

Width: 3
Height: 4
-4.5606657286289884 3.386676120987462 2.0578350203635614 
0.3099077551978371 4.400703932000111 1.8958870519871733 
-0.43496038609587884 0.19404424200910353 -0.49381751176998834 
-1.2831531699707692 -3.7773435165098697 -1.669930776484933 

Next Matrix:
Width: 5
Height: 1
-4.412981440765867 -2.0635716867414815 -0.6286682565132511 -0.7697307860479794 4.908330092556053 

Next Network:

Width: 3
Height: 4
-3.5362082081995934 2.7462677650280765 2.801248812954765 
-0.9061856342519177 3.227569037536826 -1.3434892188935192 
1.7754171522209083 1.205281175454351 -1.340809412431332 
0.24432060742326867 -3.300809744856582 -0.8172048713021784 

Next Matrix:
Width: 5
Height: 1
-2.4864313564168077 -0.6223328431544917 0.7467947361203711 -1.636888718318882 3.188721367478464 

Next Network:

Width: 3
Height: 4
-2.8174618171231582 2.161422945369598 2.925934148356431 
1.1541520920186292 2.45948171511107 0.8992861615962291 
0.6806858152360511 2.090798111260512 1.091966392380214 
0.49224761587730503 -3.905950158642534 -1.4352620184500453 

Next Matrix:
Width: 5
Height: 1
-3.5178051559823427 -2.5161746209510554 2.1510653762932037 -1.4316046951815644 2.8969616951980277 

Next Network:

Width: 3
Height: 4
-0.4459642034210869 5.756992642141087 1.625251271370973 
1.851096746850144 2.2318531570453506 -2.3033048823380593 
2.891751490991867 0.39539717419947107 1.8205400120408628 
-1.9174315489250355 -2.3459451643705744 -0.1376447104602314 

Next Matrix:
Width: 5
Height: 1
-4.448863202263651 0.7393405506795996 0.19335908498788834 -3.1614659451333207 4.014523582656211 

Next Network:

Width: 3
Height: 4
-3.5026150489809718 0.9166582570936816 3.145053105200914 
0.5370790448011586 1.1361097646483391 0.3567369074391693 
0.621308858024235 0.1051324988265312 -0.2821873927744458 
-2.9454772638782165 -4.3890009183635 -2.1224805623410257 

Next Matrix:
Width: 5
Height: 1
-3.333069773273124 -2.601969283983486 3.695099305523302 -3.7568532930373975 3.0862986252460116 

Next Network:

Width: 3
Height: 4
-0.6806575244714104 2.8457291472790547 1.5125065498336303 
1.2956586084806 3.116376909800682 0.1391340689438889 
-0.5025391096903942 -2.036292166602294 -0.5618670401612325 
-2.47378227811191 -0.610019391580434 -0.8980921186394035 

Next Matrix:
Width: 5
Height: 1
-3.487311351125564 -2.0983351002996518 2.649638666819643 -1.496405751382408 4.4208976390740835 

Next Network:

Width: 3
Height: 4
0.22787447666658744 5.206392021053739 0.7625301982043668 
0.7908624497526573 2.908883242399315 -1.3949460333672143 
1.4017994202590938 0.49475775220705165 0.4698488426960572 
-1.13505121026968 -2.015721056371036 0.759497184825275 

Next Matrix:
Width: 5
Height: 1
-3.832676421089955 0.47808491240353335 -0.31069584960412966 -3.619702674878675 3.927620496761295 

Next Network:

Width: 3
Height: 4
-4.027478809385997 3.1209404084160512 3.420034067351003 
0.892313169366197 0.6536046688895214 0.6586436496156014 
-1.6163808904946178 1.4785917962707844 -0.28487146477273884 
-2.1760201707741116 -2.9892140331555836 -0.48949133177629256 

Next Matrix:
Width: 5
Height: 1
-3.8079652382470393 -2.902794362823175 5.3094356861380065 -0.6374293469704084 2.8644640478822634 

Next Network:

Width: 3
Height: 4
-0.29213989818117336 5.721567218023799 1.0946444148264944 
0.39560457444693764 2.596139414301947 -1.649096547316241 
1.3715128783996784 0.8206348176653186 1.8165101787543998 
-0.7467996164408099 -2.6808213403625913 -0.5540232383871893 

Next Matrix:
Width: 5
Height: 1
-4.136387639471747 0.4243969244154424 -0.12372856122959597 -3.1067959643357606 4.3863929874156655 

Next Network:

Width: 3
Height: 4
-4.2604114486810785 3.6080642499548645 1.7533709873173562 
-1.3081600076109736 2.3969223331595844 -1.2273184076833077 
-1.352146331835644 0.46208730495576167 -0.7495609889144295 
-0.4621887881800888 -2.1128736079436585 -1.4249163577527568 

Next Matrix:
Width: 5
Height: 1
-4.353638078662991 -0.8277864916778583 0.6412169186958192 -2.701046445087817 3.3691592850077594 

Next Network:

Width: 3
Height: 4
-2.5036937323065187 3.701528877849495 2.7839948755925192 
-0.6303524160810245 1.1230040310459024 -1.6395589104524473 
0.19247394899755954 -0.7895858832651186 -1.7522779436733429 
-0.6273534887453049 -1.8582505843408106 -0.38155079472503184 

Next Matrix:
Width: 5
Height: 1
-4.110104994751137 -2.310399161928649 2.174177218376254 -0.10782409070063625 5.943635615240552 

Next Network:

Width: 3
Height: 4
-3.68318023284298 1.7163285219852744 3.848031806106332 
0.3410239415759384 -0.2740524100466253 1.1024266226468729 
-1.0920158949235614 1.6531360865430706 -0.23281266772778753 
-1.4468287043067085 -4.0589770473013855 -0.6013946632869263 

Next Matrix:
Width: 5
Height: 1
-3.8726951777903493 -2.902794362823175 4.495420837818077 -1.1134288040486915 2.8644640478822634 

Next Network:

Width: 3
Height: 4
-3.1522002710915955 4.360524755512474 1.6152684427882247 
-0.17806921804917053 3.2187157785914904 -1.58711098002667 
0.36023327121771365 0.6876878526630348 -2.1909824540599194 
-0.008986326564556446 -2.004038228394519 -0.20795915661421538 

Next Matrix:
Width: 5
Height: 1
-4.227779132696742 -0.9137713376592858 0.4084977476799656 -0.04113694629690823 4.197277805788335 

Next Network:

Width: 3
Height: 4
-1.432290552082606 -1.6174334792411462 -0.561928739033543 
1.3221029348898696 0.6957389646064538 3.8544666652053863 
0.4563351730632059 3.971832967832499 -0.46670471415948644 
-0.5954808703851169 2.0798142919408362 2.2654297119749334 

Next Matrix:
Width: 5
Height: 1
-2.2078176487307397 0.03514115143958341 0.9467597751431946 -0.9486622661953203 2.4243610383627505 

Next Network:

Width: 3
Height: 4
-1.4834680414026216 5.037259362118087 0.46454370807152023 
0.4988779286674585 3.1427026168325747 -1.1327369218449646 
1.7846700478467235 0.1802371369024054 1.35882486515535 
-1.4600445862711926 -3.2603933625110324 -0.6812509026990108 

Next Matrix:
Width: 5
Height: 1
-4.979387175206071 0.23401430689279623 0.5701695716403024 -3.6548070407027384 4.010472205861541 

Next Network:

Width: 3
Height: 4
-4.042671242474549 2.767455083474667 1.6484918657772187 
-1.003067766360896 2.5682642382886813 -0.5241411216377736 
0.09305627093307822 -0.4758076038979664 -2.0156368269788065 
0.11616787969332698 -1.3447672666495742 -1.988919933143126 

Next Matrix:
Width: 5
Height: 1
-3.3461933411684663 -0.6928632399038135 0.9644871384923717 -0.04113694629690823 4.279263648674332 
